Rank,Gymnast,vt1_D Score,vt1_E Score,vt1_Pen.,Score 1,vt2_D Score,vt2_E Score,vt2_Pen.,Score 2,Total,year,Nation
1,Sandra Izbașa,6.1,9.283,0.0,15.383,5.8,9.2,0.0,15.0,15.191,2012,Romania
2,McKayla Maroney,6.5,9.666,0.3,15.866,6.1,8.2,0.0,14.3,15.083,2012,United States
3,Maria Paseka,6.5,8.9,0.0,15.4,5.6,9.1,0.0,14.7,15.05,2012,Russia
4,Janine Berger,6.3,8.833,0.0,15.133,6.0,8.9,0.0,14.9,15.016,2012,Germany
5,Oksana Chusovitina,6.3,8.8,0.0,15.1,5.5,8.966,0.0,14.466,14.783,2012,Germany
6,Yamilet Peña,7.1,7.566,0.1,14.566,5.8,8.666,0.0,14.466,14.516,2012,Dominican Republic
7,Brittany Rogers,5.8,8.966,0.0,14.766,5.6,8.6,0.0,14.2,14.483,2012,Canada
8,Ellie Black,0.0,0.0,0.0,0.0,0.0,0.0,0.0,0.0,0.000*,2012,Canada
1,Simone Biles,6.3,9.6,0.0,15.9,6.4,9.633,0.0,16.033,15.966,2016,USA
2,Maria Paseka,6.4,8.966,0.0,15.266,6.3,8.941,0.0,15.241,15.253,2016,RUS
3,Giulia Steingruber,6.2,9.333,0.0,15.533,5.8,9.1,0.0,14.9,15.216,2016,SUI
4,Dipa Karmakar,6.0,8.866,0.0,14.866,7.0,8.266,0.0,15.266,15.066,2016,IND
5,Wang Yan,6.0,8.866,0.0,14.866,6.2,8.933,0.0,15.133,14.999,2016,CHN
6,Hong Un-jong,6.4,9.0,0.0,15.4,6.3,8.2,-0.1,14.4,14.9,2016,PRK
7,Oksana Chusovitina,7.0,7.933,0.0,14.933,6.0,8.833,-0.1,14.733,14.833,2016,UZB
8,Shallon Olsen,6.3,8.666,0.0,14.966,5.9,8.766,0.0,14.666,14.816,2016,CAN
1,Rebeca Andrade,6.0,9.266,0.1,15.166,5.8,9.2,0.0,15.0,15.083,2020,BRA
2,MyKayla Skinner,6.0,9.033,0.0,15.033,5.8,9.0,0.0,14.8,14.916,2020,USA
3,Yeo Seo-jeong,6.2,9.133,0.0,15.333,5.4,8.733,0.0,14.133,14.733,2020,KOR
4,Alexa Moreno,5.8,8.966,0.0,14.766,5.6,9.066,0.0,14.666,14.716,2020,MEX
5,Angelina Melnikova,5.4,9.266,0.0,14.666,6.0,8.8,0.1,14.7,14.683,2020,ROC
6,Lilia Akhaimova,5.8,8.866,0.0,14.666,5.6,9.066,0.0,14.666,14.666,2020,ROC
7,Shallon Olsen,6.0,8.7,0.0,14.7,5.4,9.0,0.0,14.4,14.55,2020,CAN
8,Jade Carey,3.3,8.633,0.0,11.933,5.8,9.1,2.0,12.9,12.416,2020,USA
