/scratch/mooc/first_assignment
I love HPC!
91
115
204
320
574
582
638
815
863
1080
1354
1496
1763
1935
2149
2253
2535
2586
2793
3046
3354
3541
3799
3901
3920
4075
4371
4515
4562
4827
4967
5095
5394
5650
5865
6000
6313
6608
6931
7250
7442
7492
7637
7866
7972
8268
8319
8439
8629
8831
8853
9139
9275
9599
9778
9922
10230
10418
10463
10772
10851
11028
11087
11321
11436
11628
11788
11991
12061
12276
12555
12822
12858
13038
13204
13518
13691
14013
14140
14234
14542
14619
14717
14834
14979
15292
15542
15805
16046
16115
16366
16681
16824
16957
16988
17224
17269
17310
17480
17613
17692
17867
18034
18052
18379
18506
18738
19055
19293
19383
19678
19937
20171
20235
20459
20482
20710
20716
20893
21080
21232
21551
21739
21796
21968
22204
22394
22653
22743
22789
23022
23032
23260
23385
23523
23536
23863
23963
24270
24378
24445
24741
25054
25356
25403
25661
25920
26150
26419
26524
26752
26835
27033
27211
27397
27432
27518
27650
27900
28112
28190
28342
28423
28623
28690
28898
29149
29298
29405
29416
29517
29678
29742
29931
30107
30134
30441
30566
30702
30957
31096
31290
31541
31775
31811
32039
32355
32398
32521
32834
32993
33111
33428
33433
33606
33637
33756
33861
34006
34111
34331
34460
34512
34754
35056
35251
35366
35369
35457
35607
35794
36017
36046
36099
36104
36152
36281
36381
36450
36598
36784
36941
37042
37152
37439
37706
37764
37856
38097
38118
38140
38145
38206
38305
38315
38384
38566
38848
39116
39373
39631
39819
39978
40183
40302
40613
40748
40779
40895
41003
41320
41363
41527
41746
41915
42023
42300
42619
42630
42896
43175
43203
43523
43606
43766
44019
44248
44537
44621
44902
44927
45201
45400
45528
45728
45950
46200
46353
46569
46716
46827
47099
47134
47155
47419
47684
47718
47863
47937
48167
48217
48274
48345
48408
48481
48512
48734
49030
49078
49266
49310
49532
49856
50161
50264
50482
50682
50926
51180
51451
51505
51648
51707
52020
52259
52584
52614
52872
53132
53169
53442
53538
53805
54033
54132
54391
54582
54890
54990
55284
55476
55787
55880
56206
56249
56311
56624
56702
56824
57013
57293
57531
57551
57760
57815
58127
58177
58343
58648
58673
58680
58723
59036
59084
59253
59433
59612
59900
60079
60255
60389
60404
60549
60720
60968
60995
61256
61276
61295
61312
61313
61564
61703
61856
61923
62240
62263
62315
62614
62625
62907
63150
63460
63665
63779
64023
64341
64586
64702
64719
64825
65145
65303
65542
65658
65867
66057
66322
66324
66440
66640
66686
66956
67203
67490
67795
67848
68074
68113
68116
68365
68644
68772
68920
69063
69085
69162
69381
69417
69468
69502
69664
69940
70167
70328
70471
70534
70697
70943
71149
71310
71380
71403
71611
71736
72004
72192
72391
72463
72597
72601
72609
72828
72852
72852
73003
73033
73122
73223
73418
73446
73601
73648
73971
74219
74371
74657
74896
74906
74951
75025
75222
75453
75493
75612
75858
76000
76030
76307
76494
76622
76647
76948
77219
77490
77708
77752
77955
78027
78160
78401
78497
78586
78669
78926
79221
79361
79496
79669
79762
79819
79964
80271
80392
80661
80962
81253
81517
81833
82009
82333
82494
82625
82947
83105
83149
83361
83502
83572
83693
83973
84292
84338
84542
84626
84915
85016
85084
85393
85394
85667
85947
85994
86041
86300
86357
86595
86850
87018
87086
87141
87459
87548
87756
87981
88234
88497
88742
88991
88997
89200
89447
89691
89959
90164
90340
90618
90814
91132
91285
91321
91336
91543
91641
91862
92126
92339
92619
92629
92701
92886
93038
93191
93207
93512
93794
93933
94071
94223
94410
94413
94715
94946
95076
95194
95238
95486
95516
95540
95696
96021
96293
96440
96668
96742
96927
97164
97441
97557
97830
97851
97886
98164
98218
98379
98468
98524
98726
98885
98968
99133
99330
99482
99639
99898
100072
100362
100512
100700
100840
100899
101044
101227
101244
101309
101455
101587
101814
101966
102138
102371
102416
102701
102914
103123
103124
103158
103481
103535
103847
104004
104313
104457
104760
104893
105177
105233
105551
105626
105846
106037
106292
106498
106584
106855
107010
107117
107162
107295
107563
107660
107969
108130
108255
108327
108458
108678
108928
109051
109175
109194
109359
109596
109759
109842
110078
110190
110227
110261
110304
110309
110635
110882
111039
111074
111253
111558
111567
111733
112046
112359
112415
112687
112702
112848
113101
113294
113376
113427
113533
113729
113886
114199
114365
114448
114538
114667
114756
115081
115109
115377
115383
115575
115901
116076
116388
116556
116801
117115
117196
117242
117382
117458
117482
117775
117980
118072
118111
118173
118318
118571
118785
118878
118932
119241
119498
119770
120089
120346
120655
120753
120914
121081
121157
121158
121349
121622
121857
122176
122230
122550
122633
122746
122886
123178
123487
123666
123769
123992
124258
124564
124746
124963
125232
125285
125337
125359
125609
125914
126123
126388
126454
126592
126884
126997
127314
127331
127337
127348
127475
127744
128051
128058
128310
128622
128677
128696
128791
128807
128999
129096
129374
129528
129699
129845
130166
130226
130233
130345
130494
130739
130955
131062
131259
131502
131726
131876
131880
131955
132247
132570
132788
132990
133007
133036
133069
133239
133308
133414
133650
133942
134194
134438
134703
134754
134952
135019
135146
135314
135366
135614
135766
135831
136081
136299
136560
136839
136874
137185
137430
137676
137725
137726
137841
137887
137997
138047
138098
138203
138353
138597
138901
139158
139165
139366
139652
139673
139811
139972
140100
140277
140546
140634
140634
140932
140941
141143
141316
141502
141585
141879
141927
142110
142136
142422
142534
142660
142812
142862
143003
143117
143168
143448
143680
143893
144009
144160
144427
144754
145059
145165
145305
145589
145623
145884
146163
146241
146526
146672
146881
147186
147203
147314
147570
147671
147772
148053
148256
148441
148753
149079
149085
149186
149480
149693
150002
150210
150414
150680
151007
151160
151302
151367
151377
151482
151793
151870
152005
152088
152106
152395
152414
152476
152565
152658
152925
153046
153311
153532
153620
153658
153710
153893
154092
154299
154500
154695
154897
154929
155098
155150
155275
155507
155695
155718
155990
156299
156342
156488
156705
156948
157173
157216
157483
157751
157927
158160
158161
158437
158732
158902
159053
159278
159372
159597
159753
159908
160100
160305
160566
160771
160961
161277
161448
161669
161782
161902
162081
162407
162499
162583
162642
162711
162781
163063
163072
163238
163339
163524
163752
163927
164006
164023
164176
164226
164353
164416
164579
164805
164947
164996
165211
165216
165280
165496
165681
165694
165718
166040
166365
166678
166963
167116
167161
167452
167594
167663
167960
168014
168306
168557
168831
169152
169427
169560
169772
169968
170083
170366
170413
170700
170740
170752
170899
170993
171187
171399
171481
171543
171687
171781
171808
171981
172048
172326
172423
172658
172816
173073
173324
173626
173767
173831
174147
174287
174300
174359
174509
174619
174918
175065
175219
175327
175642
175848
176023
176246
176521
176617
176917
176995
177146
177182
177450
177655
177802
177844
177849
177969
178244
178460
178461
178503
178806
179037
179106
179382
179558
179703
179851
180142
180355
180573
180617
180643
180841
181082
181199
181412
181690
181997
182156
182158
182323
182571
182666
182792
182988
182994
183076
183145
183253
183378
183414
183527
183594
183634
183732
184032
184152
184391
184478
184480
184803
184871
184997
185279
185295
185504
185655
185942
186068
186358
186517
186533
186624
186951
187179
187233
187396
187458
187635
187753
187794
188109
188332
188450
188764
188840
189020
189038
189336
189351
189562
189776
189837
190077
190098
190144
190352
190379
190537
190617
190632
190767
190777
190982
191254
191277
191380
191555
191830
191924
191934
192140
192381
192671
192800
192858
193088
193350
193638
193762
194052
194336
194471
194474
194593
194876
195076
195107
195122
195215
195263
195550
195642
195892
196164
196401
196584
196809
196981
197076
197126
197427
197575
197757
197763
197796
197805
197810
198075
198255
198513
198754
198873
198917
199079
199236
199390
199456
199472
199677
199779
200084
200175
200207
200330
200379
200441
200455
200521
200529
200790
200935
201202
201419
201461
201593
201650
201660
201808
201913
202074
202132
202257
202482
202729
202815
203114
203338
203437
203537
203540
203653
203916
203974
204235
204386
204539
204785
204785
204788
205064
205302
205532
205605
205619
205643
205966
206012
206255
206439
206645
206891
207153
207268
207382
207550
207816
207859
208114
208266
208431
208664
208895
209088
209166
209377
209609
209851
210025
210261
210510
210758
211055
211353
211645
211671
211966
212183
212359
212512
212714
212730
212932
212992
213201
213433
213755
213825
214034
214063
214159
214446
214629
214931
215242
215378
215598
215736
215776
216076
216204
216261
216441
216491
216545
216597
216637
216859
216955
217256
217547
217808
217815
217920
218105
218340
218584
218861
218914
219081
219301
219613
219863
219927
220187
220319
220367
220562
220728
220752
220828
220892
221124
221190
221206
221458
221698
221870
221948
222245
222565
222663
222906
222992
223169
223389
223626
223844
224077
224189
224307
224580
224808
224812
225001
225303
225429
225625
225721
225924
226086
226292
226401
226405
226730
227012
227186
227482
227503
227676
227736
228021
228199
228272
228401
228635
228662
228945
229084
229270
229586
229826
230039
230152
230430
230437
230510
230761
230875
231174
231497
231727
231964
232154
232418
232419
232614
232671
232952
233139
233455
233508
233832
234124
234265
234293
234534
234771
235072
235115
235149
235207
235462
235635
235863
236163
236358
236425
236518
236736
236913
237150
237284
237537
237742
238037
238081
238092
238326
238370
238532
238698
238887
239176
239433
239602
239903
239984
240065
240254
240466
240523
240617
240769
240859
240928
241173
241220
241468
241552
241693
241945
242164
242288
242400
242555
242878
242885
243177
243238
243365
243598
243759
243813
243941
244143
244401
244566
244610
244622
244625
244717
244791
244844
245039
245242
245377
245449
245666
245776
245938
246049
246190
246337
246429
246491
246543
246601
246902
247180
247422
247670
247834
248105
248267
248502
248580
248830
248934
249208
249225
249471
249696
249882
250191
250432
250674
250691
251017
251338
251627
251800
251902
251928
251978
252074
252325
252470
252742
253059
253351
253598
253743
253832
254088
254215
254461
254477
254575
254636
254891
255124
255280
255497
255677
255964
256107
256434
256607
256736
256958
257243
257388
257542
257561
257751
257930
257967
258085
258211
258510
258722
258956
259146
259426
259579
259841
259926
259954
260208
260238
260310
260533
260711
260734
260736
260885
261007
261233
261405
261688
261849
262159
262240
262560
262765
263067
263201
263418
263724
263770
263848
264033
264277
264455
264663
264966
265063
265380
265472
265779
265851
266007
266225
266426
266746
266856
267178
267457
267765
267774
267894
268136
268270
268316
268456
268688
268748
268894
269091
269303
269304
269315
269379
269553
269716
270001
270230
270457
270764
270943
271027
271132
271274
271492
271752
271840
272121
272321
272573
272831
272890
272929
272939
273019
273161
273306
273538
273689
273706
273871
274088
274329
274585
274849
274983
275035
275319
275495
275502
275598
275854
276064
276381
276661
276719
276788
276901
277043
277131
277160
277326
277622
277757
278076
278240
278424
278446
278733
278846
279056
279337
279441
279628
279712
280025
280045
280048
280173
280347
280586
280690
281004
281151
281214
281263
281508
281815
281816
281990
282312
282474
282737
282838
282978
283199
283510
283585
283901
283912
284012
284198
284284
284591
284742
284992
285201
285341
285426
285456
285695
285988
286308
286561
286564
286814
287139
287310
287574
287875
287969
287977
288268
288285
288489
288571
288634
288872
289116
289161
289432
289522
289668
289855
290156
290274
290550
290602
290732
290835
291063
291299
291406
291427
291475
291488
291770
292026
292247
292497
292636
292648
292858
293177
293248
293468
293557
293683
293885
293898
294031
294230
294430
294740
295020
295192
295457
295752
295986
296029
296077
296392
296560
296864
297156
297446
297596
297676
297685
297936
298171
298343
298538
298846
299171
299498
299538
299636
299739
299976
300210
300477
300582
300747
301034
301176
301479
301662
301897
301918
302140
302315
302508
302811
303038
303272
303513
303810
303964
304283
304320
304390
304534
304673
304968
305289
305490
305547
305830
305864
305915
306000
306030
306346
306417
306465
306552
306659
306955
307211
307221
307243
307463
307687
307860
308181
308204
308220
308470
308602
308630
308726
308992
309262
309264
309280
309451
309530
309568
309586
309843
309997
310012
310322
310635
310674
310731
310841
311016
311163
311450
311535
311770
312047
312370
312491
312771
312812
312914
313201
313356
313476
313656
313895
314196
314368
314509
314822
314898
315067
315217
315436
315543
315545
315571
315802
315833
316040
316239
316347
316516
316787
317040
317052
317167
317185
317265
317541
317723
317910
318216
318249
318562
318728
318876
318967
319071
319222
319405
319624
319753
319858
320167
320330
320337
320513
320578
320718
321015
321202
321293
321576
321622
321859
321980
322021
322051
322076
322216
322489
322722
322970
323069
323266
323561
323645
323885
324019
324343
324669
324698
324922
325239
325530
325601
325767
325930
325963
326022
326342
326462
326700
326797
326843
326987
327185
327277
327440
327669
327995
328273
328446
328610
328718
328920
328992
329184
329433
329650
329669
329671
329903
330087
330239
330406
330463
330549
330588
330744
331060
331273
331332
331351
331550
331586
331856
332029
332083
332402
332436
332608
332814
332869
333063
333124
333177
333480
333733
334023
334313
334598
334803
334979
335111
335229
335372
335425
335703
335840
335916
336169
336366
336393
336668
336716
336859
337027
337045
337250
337352
337597
337878
338044
338209
338338
338390
338434
338547
338586
338600
338688
338759
338862
339185
339459
339491
339724
339727
339947
340046
340164
340233
340331
340566
340823
341059
341190
341243
341453
341599
341610
341667
341914
342126
342187
342474
342759
343029
343291
343351
343658
343914
344174
344195
344297
344455
344542
344551
344776
344954
345075
345286
345321
345613
345630
345704
346005
346189
346246
346392
346713
346734
346785
346818
347142
347249
347477
347709
347804
348019
348258
348326
348638
348871
348910
349056
349223
349526
349613
349827
349893
350017
350077
350307
350315
350503
350546
350633
350792
350813
350952
351172
351286
351436
351595
351810
351904
352137
352386
352612
352839
352902
353089
353143
353336
353505
353666
353700
353997
354190
354316
354529
354533
354803
355013
355021
355289
355298
355537
355599
355705
356000
356227
356536
356838
357049
357250
357456
357562
357757
357986
358061
358209
358352
358370
358375
358412
358694
358941
359105
359381
359455
359539
359837
360074
360124
360403
360689
360866
361028
361069
361257
361298
361534
361573
361597
361665
361698
361770
361776
361983
362226
362364
362510
362608
362892
362899
363208
363418
363538
363650
363917
363919
363936
364135
364314
364569
364769
364942
365019
365211
365436
365666
365735
365874
365915
366059
366258
366279
366534
366561
366577
366765
367051
367195
367257
367353
367492
367619
367735
367773
367980
368073
368383
368520
368767
368853
369146
369301
369434
369753
370019
370247
370501
370804
370840
371034
371264
371584
371847
372073
372106
372130
372183
372302
372529
372808
372814
373093
373264
373321
373604
373717
373789
373858
374025
374175
374332
374377
374541
374847
375084
375112
375120
375432
375567
375687
375852
376131
376458
376672
376879
377086
377398
377448
377453
377470
377752
377866
377936
378173
378185
378346
378449
378765
378983
379092
379367
379641
379922
380003
380047
380093
380326
380442
380447
380702
380934
381156
381432
381519
381692
382015
382274
382527
382754
382877
383038
383216
383220
383293
383547
383550
383656
383836
384087
384238
384390
384541
384867
385067
385388
385614
385872
386172
386333
386616
386826
387137
387219
387421
387680
387922
388178
388204
388432
388546
388594
388889
389113
389303
389550
389665
389804
389855
389919
390130
390292
390345
390376
390378
390622
390684
390816
391034
391251
391553
391602
391699
391857
392046
392075
392084
392161
392169
392238
392447
392604
392909
393109
393425
393724
393969
394184
394254
394449
394757
395066
395122
395448
395527
395852
396168
396359
396463
396515
396668
396730
396950
397193
397494
397767
397806
398050
398330
398422
398657
398735
399048
399372
399516
399792
400091
400323
400479
400564
400852
400997
401161
401266
401467
401789
402024
402208
402511
402747
402775
403018
403175
403177
403344
403441
403638
403871
403994
404063
404104
404187
404270
404355
404657
404918
404963
404990
405047
405318
405331
405354
405356
405633
405733
405914
406097
406225
406371
406432
406458
406486
406790
406830
406890
407212
407422
407685
407948
408227
408389
408698
409016
409244
409543
409751
409757
409820
410026
410034
410124
410203
410386
410574
410854
410984
411040
411148
411369
411490
411534
411602
411669
411777
411980
412220
412269
412333
412365
412438
412626
412856
413171
413456
413657
413778
414049
414276
414383
414444
414728
415004
415277
415324
415649
415718
415808
415941
416027
416295
416535
416631
416738
417046
417267
417534
417628
417785
417800
418111
418363
418525
418710
418854
419055
419182
419302
419385
419700
419940
420108
420271
420317
420374
420560
420868
420915
421046
421279
421575
421601
421812
422007
422253
422390
422608
422758
422964
423093
423334
423541
423790
423915
424083
424088
424399
424603
424721
424930
425109
425152
425159
425436
425625
425655
425696
425788
425873
426092
426265
426330
426541
426697
426995
427066
427245
427456
427665
427703
427892
428137
428248
428497
428617
428781
428829
429079
429356
429524
429565
429871
430090
430415
430676
430735
430927
431157
431246
431534
431847
431864
432173
432295
432325
432534
432594
432806
433040
433066
433092
433354
433413
433578
433776
433902
434140
434320
434397
434473
434622
434670
434827
435105
435188
435203
435288
435605
435739
435835
436052
436167
436196
436405
436723
436872
437014
437049
437213
437223
437385
437597
437654
437741
437965
438017
438118
438295
438300
438555
438747
438893
439162
439402
439631
439655
439706
439914
440107
440191
440402
440577
440841
441099
441408
441605
441899
441986
442175
442424
442544
442742
442858
442896
442923
443201
443216
443397
443626
443747
443952
444049
444367
444374
444607
444876
445046
445174
445323
445634
445936
446160
446362
446506
446730
446853
446861
447179
447503
447575
447624
447893
448141
448370
448689
448721
449027
449188
449498
449784
449945
449976
450033
450048
450093
450148
450349
450450
450500
450723
450866
450873
450996
451154
451271
451390
451636
451762
451781
451981
452135
452241
452402
452683
452721
452963
453048
453062
453330
453565
453822
454032
454318
454332
454492
454760
455020
455245
455482
455624
455715
456013
456215
456453
456461
456619
456826
456829
457132
457193
457515
457592
457768
457825
458043
458298
458414
458492
458600
458682
458946
459161
459382
459622
459785
459991
460195
460275
460480
460801
461118
461373
461385
461434
461671
461927
462228
462261
462560
462696
462891
462972
463285
463415
463533
463850
463998
464273
464552
464820
464992
465274
465577
465584
465733
465853
466013
466132
466408
466672
466764
466776
467098
467186
467201
467382
467614
467861
467885
468001
468131
468450
468652
468692
468809
468972
468994
469156
469271
469480
469629
469686
469818
470099
470157
470199
470422
470453
470596
470876
471086
471354
471479
471623
471667
471724
471851
471975
472217
472233
472390
472668
472994
473129
473233
473385
473643
473899
474150
474193
474384
474423
474583
474621
474863
474887
475063
475350
475554
475825
475957
476218
476453
476601
476768
476888
477050
477087
477290
477607
477671
477971
478001
478260
478371
478636
478797
478802
478821
478929
479102
479382
479409
479595
479836
480009
480184
480243
480551
480803
480893
481157
481456
481777
481779
482013
482087
482281
482563
482576
482825
483075
483302
483450
483721
484039
484297
484488
484620
484822
484890
484915
485043
485121
485287
485487
485635
485767
485767
485994
486091
486385
486498
486702
487020
487116
487327
487476
487494
487652
487897
487981
488078
488176
488191
488385
488577
488833
488965
489126
489382
489447
489607
489868
489989
490133
490209
490283
490402
490670
490856
491174
491332
491643
491730
491800
491812
492046
492373
492494
492654
492981
493110
493244
493307
493373
493473
493513
493586
493653
493973
494185
494458
494716
494839
494874
495018
495089
495203
495441
495658
495970
496262
496334
496446
496511
496571
496852
496868
496972
497185
497185
497510
497736
497981
498140
498425
498489
498727
498945
499132
499399
499405
499567
499639
499805
499986
500140
500319
500621
500841
501094
501096
501119
501395
501554
501781
501954
502271
502327
502462
502549
502679
502919
503245
503476
503635
503903
503978
504008
504268
504494
504634
504892
505138
505410
505439
505624
505931
505993
506192
506354
506593
506716
506891
507066
507233
507449
507552
507683
507748
507789
508116
508386
508472
508731
509025
509282
509607
509635
509843
510105
510171
510339
510523
510813
510853
511112
511125
511215
511430
511565
511731
511888
512142
512429
512704
512966
513033
513190
513504
513790
513851
513860
513908
514021
514179
514259
514282
514369
514493
514594
514895
515001
515287
515381
515614
515766
516026
516308
516358
516368
516386
516431
516463
516464
516717
517035
517360
517497
517644
517816
517929
518129
518440
518613
518834
518924
519092
519095
519373
519398
519553
519831
519957
520207
520515
520521
520709
520866
520914
521195
521514
521623
521853
521918
521985
522244
522380
522607
522780
522791
523116
523186
523241
523520
523597
523803
524082
524134
524145
524423
524600
524841
525111
525246
525510
525609
525858
526036
526308
526464
526559
526873
527041
527293
527417
527508
527709
527763
527797
527936
528084
528209
528470
528737
528763
528909
529072
529291
529433
529639
529945
530062
530200
530319
530547
530565
530702
530776
531073
531256
531295
531488
531499
531718
531800
531807
531837
532130
532159
532171
532487
532778
532857
532953
532968
533111
533344
533615
533917
534025
534232
534369
534476
534800
535041
535260
535283
535338
535644
535944
536001
536195
536212
536395
536698
536976
537023
537306
537327
537465
537581
537879
538155
538205
538480
538706
538753
538765
538979
538988
539121
539331
539375
539488
539668
539677
539904
540216
540430
540592
540764
541040
541228
541234
541303
541534
541605
541834
542033
542088
542329
542351
542387
542678
542776
542981
543195
543390
543623
543757
543913
544131
544315
544635
544666
544774
544822
545021
545177
545214
545498
545536
545813
545999
546107
546127
546173
546485
546775
547024
547198
547493
547743
548034
548041
548260
548461
548481
548667
548706
548898
548963
549195
549511
549750
549766
549810
549936
550228
550460
550537
550747
551025
551174
551176
551422
551717
551972
552091
552358
552564
552866
552956
552993
553003
553261
553498
553672
553930
554114
554420
554573
554845
555135
555414
555654
555970
556271
556385
556584
556836
556885
556914
557118
557268
557362
557555
557604
557914
557941
558059
558191
558472
558608
558824
559138
559346
559510
559777
559896
560073
560259
560443
560750
560984
561247
561371
561493
561505
561829
561925
561990
562314
562510
562552
562793
562882
563120
563333
563531
563648
563884
564077
564212
564443
564709
565031
565255
565546
565749
566036
566245
566346
566629
566874
567177
567419
567459
567697
567988
568131
568133
568460
568609
568928
569111
569244
569327
569521
569595
569828
569847
569925
570019
570173
570220
570228
570240
570242
570447
570555
570743
570887
571026
571106
571296
571375
571676
571879
572160
572260
572545
572669
572690
573005
573252
573373
573499
573809
573821
573962
574155
574403
574582
574881
574953
575084
575243
575369
575482
575799
575870
576102
576311
576317
576444
576519
576581
576669
576831
576925
577211
577372
577538
577797
577991
578041
578232
578245
578335
578580
578761
578931
579246
579328
579392
579694
579958
580200
580502
580527
580641
580824
581147
581148
581452
581482
581738
582017
582185
582357
582466
582759
583044
583249
583436
583542
583664
583665
583831
583852
583940
584191
584470
584573
584847
584886
584959
584969
585023
585290
585462
585496
585822
586136
586316
586447
586580
586615
586765
586904
587135
587190
587254
587519
587649
587659
587805
587916
588087
588225
588290
588535
588616
588924
589114
589437
589450
589699
590011
590082
590170
590474
590792
590855
591045
591307
591510
591611
591899
592055
592336
592657
592747
593019
593330
593535
593812
594134
594164
594468
594635
594889
595026
595224
595531
595586
595906
596046
596292
596303
596560
596783
597088
597201
597372
597632
597874
597936
597939
598057
598382
598575
598583
598671
598694
598894
599074
599124
599271
599512
599536
599828
599876
600174
600179
600302
600601
600704
600993
601073
601234
601325
601399
601673
601938
602037
602048
602069
602217
602448
602650
602781
602861
603121
603313
603561
603654
603680
603695
603830
603924
604091
604269
604516
604707
604750
605059
605064
605256
605328
605564
605814
605854
605950
606236
606343
606474
606476
606792
607084
607099
607228
607371
607534
607851
607987
608239
608447
608594
608683
608872
609087
609180
609342
609425
609673
609776
609850
609928
610158
610230
610457
610625
610637
610917
611032
611168
611168
611186
611391
611507
611793
611855
612106
612289
612595
612708
612951
613079
613343
613489
613716
613843
613956
614022
614300
614479
614761
614822
614964
614978
615250
615548
615713
616001
616271
616349
616412
616620
616927
617240
617340
617616
617725
618019
618282
618335
618406
618537
618549
618833
619126
619290
619395
619658
619711
619926
620155
620271
620516
620640
620796
620986
620989
621188
621320
621329
621530
621585
621593
621728
621867
621912
621964
622182
622282
622452
622766
622938
622959
622959
623132
623198
623278
623337
623531
623612
623616
623648
623693
623762
624028
624166
624341
624398
624422
624455
624486
624736
624934
625223
625395
625631
625951
626107
626193
626406
626587
626836
626885
626892
627030
627311
627445
627772
628074
628202
628340
628420
628424
628694
628770
628849
628906
628966
629054
629135
629159
629167
629255
629412
629648
629965
630241
630444
630550
630776
630995
631065
631245
631463
631714
631749
631895
632068
632346
632492
632722
632850
632913
633044
633210
633530
633534
633585
633803
634093
634354
634453
634544
634823
635010
635066
635264
635377
635571
635660
635796
635908
636036
636159
636319
636521
636739
636852
637021
637155
637476
637586
637615
637870
638116
638255
638271
638449
638608
638698
638975
639003
639236
639546
639603
639900
640103
640240
640440
640535
640815
641119
641256
641531
641668
641910
642004
642118
642174
642300
642375
642618
642914
642930
643028
643190
643327
643364
643501
643616
643818
643981
644303
644527
644550
644838
644993
645110
645111
645243
645512
645647
645707
646014
646249
646391
646621
646787
646976
647283
647310
647628
647760
647963
648192
648376
648464
648735
649055
649174
649375
649398
649512
649618
649641
649945
650079
650371
650402
650469
650560
650854
650864
651085
651281
651523
651825
651897
651952
652108
652339
652601
652817
653125
653148
653465
653596
653741
653957
654089
654314
654367
654644
654716
654908
655185
655454
655588
655824
656108
656169
656270
656588
656675
656922
657044
657238
657522
657801
657845
658077
658089
658334
658562
658770
658845
659005
659189
659195
659474
659749
659814
659902
660094
660274
660326
660394
660640
660858
660878
661033
661291
661327
661445
661633
661787
661861
661912
661953
662263
662444
662759
662820
662876
663037
663278
663347
663630
663671
663677
663852
664032
664328
664501
664802
665069
665191
665221
665240
665345
665590
665644
665841
666078
666224
666519
666699
666719
666850
666853
667056
667286
667379
667486
667626
667775
667920
668041
668059
668373
668595
668857
669150
669440
669658
669676
669773
669810
669874
669895
670208
670348
670655
670766
670933
671210
671210
671313
671422
671484
671794
671883
672202
672512
672685
672913
672990
673010
673281
673409
673509
673749
673765
673835
673838
674101
674316
674573
674747
675024
675056
675374
675595
675770
676038
676218
676240
676374
676631
676902
677006
677200
677284
677485
677667
677860
678181
678307
678429
678675
678869
679174
679362
679523
679645
679778
680030
680305
680346
680366
680441
680593
680722
680901
681220
681453
681681
681716
681920
682174
682188
682355
682643
682842
682986
683006
683070
683278
683463
683644
683833
684123
684255
684412
684717
684925
685250
685372
685381
685422
685435
685624
685771
685942
686141
686261
686449
686647
686841
687059
687381
687507
687583
687674
687788
687841
687946
688265
688330
688388
688522
688586
688767
688904
689113
689394
689696
689912
690068
690378
690575
690703
690733
690855
691096
691313
691473
691754
691806
691960
692043
692114
692253
692509
692517
692809
692821
693076
693224
693243
693352
693486
693773
693826
694145
694436
694567
694644
694829
694879
695079
695345
695439
695750
695973
696243
696273
696476
696803
696896
697024
697072
697116
697151
697380
697578
697681
697993
698065
698252
698283
698404
698679
698880
699056
699101
699260
699405
699572
699612
699723
699984
700115
700276
700551
700786
701092
701308
701632
701706
701811
702058
702351
702374
702511
702517
702524
702714
702785
703082
703127
703209
703286
703385
703525
703580
703640
703855
704083
704348
704513
704636
704699
704820
704840
704955
705279
705344
705573
705880
706003
706137
706418
706492
706580
706670
706671
706992
707017
707190
707210
707223
707225
707265
707453
707648
707738
707916
708188
708218
708278
708381
708592
708656
708836
709078
709091
709290
709432
709595
709769
709794
710010
710069
710144
710306
710330
710454
710620
710738
710744
710866
710997
711158
711160
711187
711362
711470
711479
711579
711809
712027
712191
712480
712776
712818
712915
713200
713526
713628
713902
714002
714237
714508
714745
714961
715052
715118
715394
715591
715676
715963
716117
716156
716157
716234
716328
716532
716616
716922
717185
717222
717305
717449
717502
717511
717832
717852
718111
718380
718644
718763
719037
719335
719418
719513
719813
719828
719848
720121
720147
720395
720500
720694
720866
721152
721433
721464
721781
722051
722247
722305
722364
722599
722648
722753
722967
723247
723340
723412
723693
723936
724122
724288
724299
724362
724643
724940
724957
725168
725448
725682
725765
725846
725998
726294
726537
726810
726866
727105
727149
727270
727316
727374
727444
727761
727852
727872
728014
728037
728348
728408
728667
728954
729150
729257
729584
729790
730108
730259
730398
730674
730725
730732
730996
731019
731077
731261
731309
731404
731524
731739
732016
732189
732247
732373
732512
732775
733018
733101
733402
733718
733989
734275
734392
734577
734719
734803
734893
734988
735233
735261
735518
735562
735783
736036
736082
736351
736572
736787
736867
737073
737102
737174
737216
737271
737508
737706
737969
738053
738336
738446
738613
738755
738915
739094
739352
739429
739699
739885
740006
740280
740300
740383
740501
740532
740647
740917
741125
741350
741640
741844
742170
742278
742345
742548
742866
743111
743279
743602
743867
744016
744079
744273
744457
744769
744842
745107
745363
745501
745745
745869
746120
746292
746458
746713
746989
747120
747230
747518
747727
747873
748023
748101
748375
748691
748950
749244
749356
749461
749462
749466
749587
749791
749950
749999
750132
750330
750341
750543
750710
750952
751079
751293
751590
751658
751787
752058
752186
752455
752781
752941
753093
753247
753494
753698
753919
753986
754036
754341
754396
754571
754689
754859
755147
755171
755408
755727
755839
755858
756072
756157
756357
756652
756704
756768
756836
756943
757191
757485
757695
757766
758069
758083
758211
758450
758734
758814
759101
759364
759628
759777
759892
760099
760256
760479
760546
760617
760652
760939
761148
761337
761508
761631
761693
761927
762153
762367
762384
762685
762798
763074
763299
763477
763781
764035
764256
764514
764709
765007
765102
765305
765466
765477
765726
765871
766187
766193
766415
766596
766613
766784
766957
766964
767228
767537
767807
767834
768106
768276
768537
768740
768945
769225
769258
769537
769548
769799
769974
770234
770387
770641
770714
770911
770964
770992
771069
771200
771249
771380
771413
771636
771699
771831
771902
772177
772303
772398
772582
772909
773119
773163
773413
773627
773884
774037
774338
774432
774592
774900
774952
775116
775352
775462
775610
775868
776194
776479
776668
776840
776865
776874
777120
777215
777342
777627
777915
777942
778225
778254
778553
778734
778868
779089
779168
779442
779682
779866
780077
780103
780351
780370
780601
780682
780786
780928
781003
781106
781233
781392
781578
781720
781887
782036
782154
782208
782441
782476
782691
782817
783001
783113
783394
783697
783907
783961
784122
784313
784342
784460
784543
784729
784899
785140
785240
785560
785868
785950
786038
786174
786485
786773
787083
787193
787501
787690
787737
787797
787946
787995
788211
788533
788703
788839
789117
789246
789264
789419
789661
789956
790022
790163
790225
790281
790505
790644
790659
790728
791049
791152
791400
791534
791702
791979
792118
792128
792312
792520
792774
792877
792920
793205
793523
793752
793912
793914
794179
794286
794480
794583
794643
794770
794812
795035
795154
795288
795408
795546
795546
795572
795755
795919
796033
796266
796309
796313
796539
796841
796940
797008
797139
797344
797497
797822
798030
798345
798656
798706
798746
798809
798945
799024
799349
799428
799643
799765
799817
800110
800407
800691
800755
800853
801021
801028
801081
801355
801377
801658
801784
802111
802374
802448
802656
802746
802882
802906
803127
803381
803413
803495
803707
803884
804180
804393
804489
804570
804661
804692
804830
804939
805223
805469
805677
805735
805865
806009
806269
806396
806664
806895
806939
807215
807351
807664
807849
808018
808065
808238
808261
808509
808786
808794
809027
809037
809251
809510
809575
809833
809904
810166
810320
810492
810498
810792
810886
811090
811247
811461
811560
811580
811607
811843
812015
812222
812296
812301
812544
812772
812783
812979
813234
813268
813538
813720
813756
813887
814044
814287
814541
814815
814949
815200
815230
815349
815468
815789
815820
815863
816111
816410
816480
816693
816952
817249
817285
817332
817341
817459
817520
817602
817830
817956
818194
818395
818522
818606
818639
818800
818936
819080
819100
819416
819583
819788
819965
820238
820275
820445
820762
821024
821331
821596
821770
821783
821810
821850
821986
822229
822339
822434
822561
822796
823108
823378
823640
823861
824060
824352
824491
824568
824804
825019
825043
825153
825447
825562
825741
825747
825976
826260
826514
826616
826764
826854
827090
827159
827266
827285
827592
827719
827845
827994
828094
828332
828609
828838
829122
829210
829298
829484
829573
829790
830072
830076
830333
830563
830779
830865
830962
830992
831246
831323
831443
831753
831900
832093
832327
832403
832436
832520
832565
832771
832812
833087
833207
833532
833741
833949
834195
834514
834802
835043
835149
835439
835613
835929
835976
836113
836313
836318
836467
836572
836642
836860
837043
837233
837494
837616
837916
838006
838074
838108
838255
838457
838533
838787
838940
839050
839315
839347
839431
839747
839966
840028
840260
840300
840510
840779
840801
840941
841034
841237
841287
841309
841343
841361
841403
841625
841650
841843
841909
842104
842322
842591
842678
842709
842741
843051
843370
843588
843606
843739
843787
843787
843977
843998
844011
844234
844339
844579
844722
844810
845114
845252
845576
845835
846082
846126
846399
846498
846693
846874
847172
847353
847587
847746
848062
848190
848460
848580
848816
849138
849236
849470
849522
849666
849756
850032
850160
850475
850774
851000
851035
851057
851224
851261
851271
851283
851508
851666
851795
851830
851953
852253
852532
852726
852990
852992
853279
853423
853503
853634
853636
853761
853982
853989
854316
854393
854438
854552
854653
854803
855126
855299
855595
855778
856013
856252
856520
856668
856883
857055
857217
857330
857383
857603
857704
857788
857991
858039
858142
858391
858688
858936
859135
859153
859329
859387
859497
859803
859892
860138
860401
860649
860756
861061
861261
861278
861592
861806
861922
862174
862377
862549
862809
863088
863223
863276
863284
863342
863359
863525
863704
863858
863881
864041
864289
864384
864535
864818
865086
865307
865469
865654
865772
865951
866258
866396
866722
866875
866992
867190
867226
867496
867746
867941
868243
868266
868366
868390
868462
868491
868560
868734
869003
869094
869331
869655
869711
869861
869939
870141
870159
870221
870335
870545
870849
871045
871059
871179
871434
871534
871781
871995
872007
872183
872343
872569
872724
872733
872976
873117
873307
873573
873714
873882
873997
874157
874344
874671
874678
874689
874978
875244
875449
875713
875741
875802
876106
876363
876389
876710
876926
877146
877380
877447
877623
877927
878064
878261
878265
878378
878488
878687
878770
878857
878943
879134
879238
879565
879574
879770
880084
880274
880477
880695
880720
880866
881091
881333
881413
881435
881667
881770
881871
881956
882126
882133
882297
882333
882461
882781
882804
882884
883024
883129
883413
883562
883717
883953
884237
884334
884413
884484
884515
884764
885059
885140
885444
885647
885923
885985
886064
886230
886496
886585
886701
886817
886872
886936
887024
887118
887270
887368
887417
887593
887615
887821
887989
888150
888167
888411
888451
888605
888627
888831
888836
888942
889072
889221
889439
889583
889901
890152
890394
890476
890634
890829
890961
891236
891359
891416
891634
891883
892182
892476
892712
892917
892927
893233
893479
893664
893732
893838
893894
893958
893985
894290
894543
894582
894906
894922
895166
895365
895432
895447
895459
895637
895650
895934
895942
896003
896195
896437
896756
897059
897137
897447
897520
897687
897952
898274
898474
898793
898913
899228
899250
899495
899687
899883
900173
900200
900458
900660
900852
900989
901117
901428
901720
901958
901964
902135
902385
902539
902850
902857
903169
903255
903305
903455
903476
903731
903931
904215
904407
904440
904495
904499
904773
905098
905292
905431
905544
905627
905664
905860
906051
906300
906334
906575
906753
906828
906884
907156
907198
907313
907426
907588
907858
907975
908168
908264
908468
908673
908794
908800
909012
909152
909308
909529
909684
909810
910084
910267
910468
910715
910882
910973
911006
911044
911251
911255
911480
911671
911825
912125
912319
912347
912466
912786
912878
913167
913395
913447
913526
913796
914035
914106
914181
914353
914476
914798
915107
915430
915682
915843
916044
916309
916550
916805
916957
917142
917463
917701
917863
917995
918031
918272
918471
918643
918746
918951
919111
919310
919589
919786
919864
920111
920130
920322
920399
920418
920472
920743
920799
920942
921126
921142
921386
921627
921882
921906
922225
922479
922766
922824
923022
923154
923316
923347
923540
923576
923653
923964
923988
924118
924328
924331
924623
924746
924892
925086
925099
925358
925478
925783
925804
926125
926160
926295
926580
926887
927158
927476
927770
927775
928025
928025
928066
928194
928278
928490
928792
929081
929367
929627
929671
929737
930022
930226
930375
930459
930685
930698
930856
931044
931278
931561
931720
931867
931872
931905
932012
932313
932414
932457
932610
932655
932920
932977
933183
933272
933351
933639
933953
934107
934334
934450
934530
934554
934742
934912
934961
935141
935245
935272
935558
935675
935729
935743
935834
935925
936125
936445
936743
936834
937114
937131
937424
937620
937913
937922
937976
937987
938156
938199
938205
938239
938530
938584
938727
938778
939102
939304
939357
939357
939545
939618
939943
940004
940298
940536
940616
940774
941083
941165
941459
941690
941795
941822
941936
942081
942284
942357
942437
942689
942809
943001
943130
943326
943444
943478
943549
943774
943966
944191
944406
944720
944855
944952
944980
945042
945142
945148
945200
945423
945677
945832
945841
946163
946420
946553
946872
946973
947074
947330
947607
947824
947921
948007
948121
948241
948482
948611
948795
949121
949137
949247
949493
949609
949779
949938
950225
950422
950749
951031
951283
951310
951504
951681
951848
952173
952347
952366
952654
952794
953119
953136
953276
953599
953607
953617
953651
953788
953905
954104
954403
954568
954658
954665
954845
955080
955174
955281
955458
955701
955967
955982
956239
956401
956596
956822
956828
957057
957083
957382
957429
957636
957779
958021
958317
958353
958516
958714
958997
959111
959205
959418
959477
959719
959846
959859
959895
959953
960227
960451
960692
960701
960961
961029
961320
961421
961654
961819
962050
962106
962157
962383
962652
962762
962799
963088
963306
963470
963755
963931
964189
964306
964407
964662
964907
965006
965245
965418
965571
965717
965717
965971
966164
966483
966554
966824
967064
967234
967422
967720
967778
967964
968197
968510
968813
968996
969067
969353
969539
969773
969945
970020
970025
970099
970400
970594
970745
971042
971321
971478
971683
971957
972067
972119
972344
972403
972589
972659
972964
973196
973375
973433
973605
973651
973950
973986
974130
974427
974645
974790
975097
975228
975247
975548
975760
975873
975983
975993
976204
976318
976494
976729
976910
976993
977031
977274
977304
977417
977597
977774
977798
977816
978048
978349
978447
978525
978572
978706
978812
979003
979031
979248
979435
979535
979629
979858
980105
980328
980492
980617
980642
980814
981070
981370
981431
981496
981604
981855
981963
982048
982078
982346
982582
982692
982971
983003
983174
983272
983277
983587
983751
983876
984150
984462
984701
984788
984868
985031
985155
985419
985440
985530
985537
985674
985935
986128
986271
986520
986747
987017
987149
987416
987527
987820
987948
988247
988408
988412
988635
988916
989030
989246
989528
989755
990076
990101
990149
990220
990280
990309
990483
990773
990906
991129
991193
991229
991235
991267
991327
991533
991739
992018
992273
992595
992809
992962
993152
993396
993680
993780
994021
994199
994259
994368
994454
994617
994718
994764
994771
994831
995020
995049
995111
995332
995534
995836
996098
996353
996385
996598
996685
996711
996806
996848
996974
997249
997450
997474
997721
997848
998152
998469
998506
998530
998787
998979
999157
999280
999389
999583
999592
999686
999725
1000041
