Rank,Gymnast,Nation,vt1_D Score,vt1_E Score,vt1_Pen.,vt1_Vault Score,vt2_D Score,vt2_E Score,vt2_Pen.,vt2_Vault Score,Total,year
1.0,Yang Hak-seon,KOR,7.4,9.066,0.0,16.466,7.0,9.6,0.0,16.6,16.533,2012
2.0,Denis Ablyazin,RUS,7.0,9.433,0.0,16.433,7.2,9.166,0.0,16.366,16.399,2012
3.0,Igor Radivilov,UKR,7.0,9.4,0.0,16.4,7.0,9.233,0.0,16.233,16.316,2012
4.0,Tomás González,CHI,7.0,9.4,0.0,16.4,6.6,9.366,0.0,15.966,16.183,2012
5.0,Sam Mikulak,USA,7.0,9.1,0.0,16.1,6.6,9.4,0.0,16.0,16.05,2012
6.0,Isaac Botella,ESP,6.6,9.3,0.0,15.9,6.6,9.233,0.0,15.833,15.866,2012
7.0,Flavius Koczi,RUM,7.0,9.2,0.1,16.1,6.2,9.066,0.1,15.166,15.633,2012
8.0,Kristian Thomas,GBR,7.0,9.366,0.0,16.366,6.6,8.2,0.1,14.7,15.533,2012
1.0,Ri Se-gwang,PRK,6.4,9.216,0.0,15.616,6.4,9.366,0.0,15.766,15.691,2016
2.0,Denis Ablyazin,RUS,6.4,9.2,0.0,15.6,6.2,9.233,0.0,15.433,15.516,2016
3.0,Kenzō Shirai,JPN,6.4,9.433,0.0,15.833,5.6,9.466,0.0,15.066,15.449,2016
4.0,Marian Drăgulescu,RUM,6.0,9.266,0.0,15.266,6.2,9.433,0.0,15.633,15.449,2016
5.0,Nikita Nagornyy,RUS,6.0,9.233,0.0,15.233,6.0,9.4,0.0,15.4,15.316,2016
6.0,Oleg Verniaiev,UKR,6.0,9.4,0.0,15.4,6.0,9.233,0.0,15.233,15.316,2016
7.0,Tomás González,CHI,6.0,9.375,0.0,15.375,5.6,9.3,0.0,14.9,15.137,2016
8.0,Ihor Radivilov,UKR,7.0,7.933,0.0,14.933,6.0,9.133,0.0,15.133,15.033,2016
0.0,Shin Jea-hwan,KOR,6.0,8.833,0.1,14.733,5.6,9.2+C333,0.0,14.833,14.783,2020
0.0,Denis Ablyazin,ROC,5.6,9.166,0.0,14.766,5.6,9.2,0.0,14.8,14.783,2020
0.0,Artur Davtyan,ARM,5.6,9.2,0.0,14.8,5.6,9.166,0.1,14.666,14.733,2020
4.0,Carlos Yulo,PHI,5.6,9.066,0.1,14.566,5.6,9.266,0.0,14.866,14.716,2020
5.0,Nikita Nagornyy,ROC,5.6,9.233,0.0,14.833,5.6,9,0.0,14.6,14.716,2020
6.0,Adem Asil,TUR,6.0,9.266,0.0,15.266,5.6,8.033,0.0,13.633,14.449,2020
7.0,Ahmet Önder,TUR,5.2,8.633,0.0,13.833,5.2,9.1,0.0,14.3,14.066,2020
8.0,Caio Souza,BRA,5.6,8.866,0.0,14.466,5.2,7.7,0.0,12.9,13.683,2020
