     7.6      63      63       2
     7.6      63      65       1
     6.6      63      62       2
     7.9      63      67       1
      12      63      63       2
     7.5      63      58       1
     6.6      63      63       2
     9.6      63      66       1
     7.9      63      63       2
     4.4      63      61       1
    14.2      87      80       2
    14.2      87      87       2
     9.3      87      85       1
    16.1      87      81       2
    15.3      87      87       1
    57.3      87      87       2
    46.6      87      87       1
    62.9      87      87       2
    68.3      87      84       1
    44.2      87      87       2
    67.9     105     105       1
      42     105     103       2
    52.9     105     104       1
    51.6     105     104       2
    77.1     105     107       1
    74.5     105     105       2
    49.8     105     103       1
    66.6     105     108       2
    71.9     105     101       1
    80.1     105     108       2
    83.9     122     122       1
    79.2     122     120       2
    78.8     122     121       1
    62.6     122     122       2
    99.1     122     122       1
      60     122     124       2
    62.4     122     123       1
    68.5     122     119       2
    80.2     122     121       1
    79.8     122     122       2
