0.1107718 0.09709379 0.9888333 0.04693508 0.5023448
0.7309875 0.2006146 0.1195613 0.6194028 0.04090005
0.07336041 0.5644446 0.01667748 0.176009 0.1758171
0.05793106 0.2065874 0.1682798 0.2574989 1.693649
0.723242 0.05553522 0.03154617 0.10822 0.8843798
0.1726789 0.01046443 0.07562156 0.005059852 0.4989839
1.060931 0.1926174 0.1521061 0.3450104 0.01644892
0.4287293 0.05167955 0.5767329 0.06571976 0.6032231
0.1776897 0.861317 0.03935576 0.8360727 0.203387
0.2739924 0.02121044 0.2368945 0.8634708 0.3041899
0.088945 0.2417711 0.116534 0.2098014 0.1618141
1.603823 0.2217302 0.1673862 0.04311978 0.3281613
0.03371459 0.1571616 0.0458824 0.03508705 0.1090152
0.5493069 0.4350575 0.1733901 0.1255855 0.04125254
1.421716 0.9953792 0.5118747 0.9392664 0.03773685
0.02420248 0.2468043 0.7893701 0.06096316 0.01971983
0.06915543 0.01380394 1.092472 0.7101913 1.151008
0.7357373 0.3280849 0.07626381 0.228449 0.4881322
0.2567997 0.7474461 0.08902622 0.4637696 0.01019931
0.00253984 0.3198945 0.05459459 0.197458 0.1052545
0.04829107 0.6288395 0.134693 0.2777116 0.02067212
1.349909 0.1129001 0.5250031 0.07899006 0.6482302
0.07252036 0.08734157 0.1909541 0.09372282 0.9453403
0.2234621 0.06364096 0.6909361 0.431526 0.02690926
0.1309675 0.680176 0.2497448 0.1448219 0.4075159
0.5668604 0.005113207 0.3644876 0.6601327 0.07508103
0.3967517 0.4674765 0.1019483 0.3817833 0.1930518
0.09642324 0.002332179 0.4208351 0.05607427 0.1288151
0.09670725 0.03874937 1.316227 0.3549571 0.3478142
0.7687772 0.6476678 0.07318043 0.8428099 0.7711509
0.8585798 0.3310757 0.3640016 0.05106328 0.1493969
0.9692907 0.277489 0.02129372 0.2300552 0.6028104
0.849994 0.1929246 0.2751157 0.01722668 0.4430964
0.3912792 0.5957089 0.1776604 0.6250429 0.2810269
0.5015684 0.06836487 0.9043153 0.1689899 1.233741
0.6107685 0.1540361 1.042877 0.07245135 0.3187914
0.1586801 0.2562399 0.4726432 0.5480037 0.1191474
1.094822 0.6782249 0.4930399 0.5362481 1.142507
0.3084912 0.1159071 0.02869682 0.6442099 1.234234
0.1171775 0.08804168 0.2231059 1.875821 0.079626
0.3596076 0.2413941 1.381582 1.244383 0.3099517
0.09777262 0.3968888 0.07900598 0.1014082 0.05259046
0.180977 0.2159708 0.2050742 0.13038 0.1492141
0.2487191 0.2050693 0.1418394 0.3033411 0.1806774
0.1338866 0.3098912 0.577774 0.1031976 0.08018875
0.1648056 0.4933737 0.2050583 0.2413233 0.8481296
0.03951069 0.04750061 0.4896974 0.2063539 0.1133079
0.6250827 0.190679 0.5854186 0.218375 0.04991203
0.01056245 0.03370769 0.9176695 0.04344496 0.5903044
0.2156179 0.3374184 0.231243 0.07089057 0.1712954
0.005209158 0.08687427 1.098309 0.1873823 0.04923249
0.1458959 0.9096632 0.1793221 0.009120562 0.8589813
0.026982 0.5801917 0.08980512 0.5354627 0.2913768
0.05286039 0.159772 0.1752756 0.32314 0.351537
1.386237 0.07840343 0.7278873 0.5190425 0.1296673
0.03869264 0.1431657 0.5759492 0.2061125 0.3200013
1.137354 0.002763187 0.2525879 0.0490382 0.3923586
0.4524404 0.3804023 0.06723725 0.4100334 0.7810145
0.07800889 0.01945515 0.09629004 0.3426925 0.238586
0.007549071 0.9257333 0.231393 0.1730325 0.9273896
0.04279875 0.1340679 0.07659699 1.100246 0.4508918
0.5356532 0.4036455 0.09603342 0.1711698 0.0396607
0.08408257 0.2113599 0.0603237 0.07496155 0.773832
0.03963423 0.06370102 0.3108123 0.2036773 0.1615175
0.09782128 0.6240026 0.1311551 0.7253393 0.2441921
0.9296708 0.1902059 0.1060698 0.2805458 0.1370782
0.002542273 0.1746208 0.1012343 0.7994744 0.2161973
0.1087614 0.05092627 0.3429173 0.2693949 0.1281527
0.1257111 0.827058 0.3852724 0.3061452 0.1260177
0.1678495 0.2214291 0.1489274 0.37614 0.2085435
0.2586246 0.3082439 0.5227439 0.2247983 0.4904763
0.8409718 0.1274776 0.09642554 0.06738554 1.063328
0.2142519 0.1963194 0.4308143 0.1884777 1.150964
0.2218265 0.2441486 0.09099899 0.9498523 0.2738616
0.9624991 0.1905179 0.1297939 0.4158392 0.06854448
1.43081 0.03131122 0.3749912 0.7539971 0.07133673
0.1057933 0.8658432 0.2090803 0.4742836 0.06913222
0.2113007 0.162464 0.07341298 0.03370348 0.2828199
1.116756 0.1768344 0.4431592 0.3505413 0.3146394
0.001745904 0.2130686 0.06265419 0.3609856 1.24057
0.3810904 0.005827201 0.1074551 0.8467269 0.03540787
0.05964343 0.5038536 0.3618451 0.3462908 1.03864
0.6338759 0.09603278 0.3192676 0.1755169 0.2650337
0.227278 0.5581797 0.5255203 0.328785 0.3490654
0.0003738062 0.02161437 0.1164813 0.02485314 0.3167771
0.2522459 0.2655356 0.01693815 0.01514875 0.1657262
0.1756464 0.4643028 0.5666304 0.9768737 0.4105367
0.4115744 0.1771742 0.062802 0.07479028 0.3763846
0.06506619 0.2496724 0.01291026 0.4135824 0.1387516
0.6343085 1.346934 0.3575165 0.04677239 0.05325754
0.1136656 0.63924 0.05014496 0.937863 0.05064651
0.1421547 0.01744031 0.126761 0.0508893 0.7989773
0.3225069 0.135183 0.0003171309 0.09333706 0.00543415
0.2424512 0.4309799 0.1596498 0.01570236 0.04278475
0.03398329 0.04816118 1.668957 0.1388261 0.1445854
0.09917883 0.1515037 0.214574 0.3262839 2.145985
0.1177058 0.4774395 0.2528757 0.3013564 0.4021578
0.3488337 0.3059719 0.01021389 0.3015249 0.02786623
0.2584497 0.3471171 0.7224527 0.179359 0.6209484
0.7613525 0.8877692 0.1845918 1.193704 0.9898836
0.1998268 0.004781074 0.663664 0.8080679 0.2491054
0.2564517 0.1883112 0.4704916 1.331554 0.02427154
0.07815771 0.005088131 0.06528037 0.006992348 0.4673817
0.8478001 0.1050757 0.05872465 0.2770234 0.1594517
0.1191328 0.2446381 0.2398987 0.05340997 0.1515359
0.9888856 0.4329856 0.2517639 0.2233049 0.2034742
0.1354109 0.3537181 0.2668548 0.1924897 0.1485116
0.1035977 1.913138 0.3995833 1.02969 0.4274006
0.359214 0.2220916 0.6774311 0.1622433 0.6172378
0.1596451 0.3866077 0.1549058 0.07359777 0.1832259
0.05941837 0.2704234 0.9418995 0.1394652 0.1384486
0.2731581 0.2396305 0.3865103 0.09245278 0.705598
0.01540251 0.3220905 0.1090012 0.05124314 0.1833061
1.739731 0.1958499 0.09095036 0.1939554 0.02307745
0.243342 0.1402023 0.2955619 0.3253194 0.4613482
0.1636476 0.2001581 1.363208 0.394382 0.5028651
0.4141939 0.6408602 0.2469263 0.349607 0.8950901
0.5183138 0.9849205 0.1125736 0.2481173 0.0576963
0.2346747 0.4533178 0.09845679 0.01568997 0.361099
0.2040212 0.8560583 0.2012962 0.107997 0.1438321
0.05477455 0.1020786 0.07504916 0.2116696 1.059141
0.3104876 0.2973975 0.4260499 0.1445553 0.6137881
0.547207 1.068617 0.2151882 0.4127893 0.126673
0.4301891 0.9660589 0.007245967 0.7813374 0.7347025
1.383595 0.01345786 0.02657093 1.261853 0.9219823
0.231649 0.5414376 0.3189149 0.3489594 0.03536888
0.2090465 0.1280501 0.009730972 0.1576338 0.01468696
0.3546716 0.314526 0.1071844 1.364605 0.2808129
0.7005207 0.04430687 0.05624819 0.4937186 0.187635
0.1298144 1.01267 0.03272446 0.3660003 0.3282561
0.5718493 0.4147883 0.5796211 2.367927 0.471041
0.001924678 0.4522649 2.368136 0.1999379 0.007605824
0.2309175 0.03074885 0.3883682 0.0339919 0.257264
1.148797 0.1219114 0.2565686 0.7685365 0.05672072
0.4518925 0.639166 1.246259 0.2860228 1.213084
0.1880924 0.06534539 0.2069053 0.08390819 0.4122452
0.04759926 1.005076 0.9560975 0.2246893 0.06863506
0.1784486 0.009897616 0.2727132 0.005508948 0.3050681
0.4760559 0.3047521 1.188092 0.3296335 0.3212132
0.3174086 0.1778127 0.004121928 0.3120995 0.2130786
0.2992445 0.2602679 0.01505128 0.412774 0.0963044
0.3244625 0.0197023 0.2396271 0.6613074 0.04547272
0.1118415 0.2681448 0.008570511 0.3619122 0.2243414
0.1238768 0.06962842 0.1700988 0.08891105 0.06996916
0.4375716 0.05304089 0.3165813 0.7176012 0.07800752
1.813362 1.04133 0.04994388 0.0426567 0.3665318
0.1278411 0.2908515 0.04703745 0.3239267 0.4860076
0.07292576 0.7270487 0.707091 0.2973604 0.207455
0.3675668 0.2999641 0.2753124 0.03281052 0.02425632
0.4059567 0.03713285 0.2531514 0.7462254 0.4436822
0.2933021 0.5889457 0.007913747 0.05539377 0.1029556
0.05560022 0.7292592 0.2348052 0.5156914 1.111316
0.4943191 0.2705038 0.1308383 0.2783642 0.2698104
0.5852894 0.1158539 0.5718145 1.865176 0.657905
0.3330053 0.4319164 0.4721302 0.02146983 0.303698
0.1656655 0.08829727 0.272786 0.07633318 0.1496862
0.2002848 1.185049 0.7105655 0.5298171 0.09386824
0.1535036 0.03932494 0.6042769 1.789367 0.7002602
0.4094982 0.06184698 0.04283363 0.620187 0.3037814
0.734264 0.2277948 0.1165136 0.08329131 0.0450515
0.1359374 0.2007628 0.2092968 0.009516409 0.3884008
0.1207773 0.3715336 0.05696152 0.291935 0.01852584
0.1357905 0.5972154 1.076225 0.1835039 0.2978297
0.3962545 0.02241817 0.08321729 0.318772 0.3758387
0.2394204 0.7724278 0.02648619 0.2613947 0.01347678
0.0878884 0.9305498 0.2558683 0.3285906 0.2791228
0.02084516 0.2170607 0.2845814 0.4687713 0.03090852
1.070505 0.5973779 0.4145136 0.1458132 0.2198102
0.1299222 0.01468587 0.05109267 0.1063964 0.3488429
0.06527968 0.1164102 0.02483991 0.09926137 0.02022713
0.01149179 0.1743976 0.8153206 0.9609514 1.998567
0.5012931 0.07502251 0.3720697 0.1379401 0.2597873
0.1924789 0.5803226 0.007102445 0.8546888 0.1676027
0.05102913 0.1790144 0.168233 0.480201 0.3939202
0.1329503 0.515409 0.1550933 0.3007326 0.1321204
0.08533552 0.2121039 0.2820872 1.77075 0.2168104
0.02896506 0.2831787 0.1087727 0.0180174 0.2229973
0.7533339 0.4750277 0.2317505 0.06601076 0.3313431
0.3586955 0.5159114 0.04188852 0.03296105 0.1017636
0.5656693 0.4226592 0.4297858 0.07015962 0.5634866
0.1025155 0.08500147 0.007911493 0.3826662 0.02390378
0.3359337 0.5977642 0.1027148 0.1183151 0.058144
0.7074955 0.1559466 0.2148528 0.2201496 0.02278448
0.35656 0.5970745 0.1327232 0.7489128 0.244542
0.1969588 0.06646137 0.2282919 0.3074933 0.3579705
0.5367495 0.2411586 0.4416764 0.1716345 0.04897673
0.01084932 0.2568231 0.9087682 0.4108317 0.1349094
0.03590318 0.7331133 0.08960166 1.456614 0.1897741
0.1132637 0.03735752 0.06995141 0.8007855 0.9585383
0.4022275 0.4648624 0.6809078 0.2768442 0.5016476
0.1978064 0.007663913 0.1388941 0.1176383 0.3441269
0.8499537 0.2170865 0.8360038 0.02057458 0.08046194
0.2284592 0.5312378 0.0340394 0.4945033 0.1227602
0.09307437 0.1909845 0.02210246 0.1701019 0.01777842
0.563082 0.9099283 0.1726376 0.227966 0.04338733
0.1944259 0.6339922 0.5640977 0.3937646 0.07133711
0.006671043 0.02535652 0.02302065 0.2174465 0.3672541
2.173204 0.491145 0.2810307 0.3020544 0.4252351
0.6034526 0.1475697 0.42105 0.500155 0.0532071
0.3892054 0.4860278 0.7979022 0.03274336 0.3501472
