Time
8.027
8.56
11.063
7.157
6.801
10.841
21.706
21.942
7.291
9.289
13.338
22.74
30.795
15.604
29.2015
17.498
25.956
14.407
30.348
23.659
18.737
9.576
9.538
17.505
24.911
18.327
6.76
7.316
19.068
7.869
7.342
7.804
11.432
35.015
7.936
9.636
20.588
26.983
25.006
39.861
13.674
16.515
24.162
7.944
7.831
12.302
13.245
12.497
6.783
15.886
31.945
8.99
25.098
10.4
6.765
28.422
13.051
7.425
25.523
10.498
15.841
19.499
19.923
15.437
10.984
7.282
6.912
12.226
12.327
14.392
9.091
49.1338
7.398
14.39
6.981
