0.5569573 0.4699687 0.2964436 0.2095199 0.2753946
0.008490269 0.07841954 0.3461966 0.7553194 0.2411603
0.4459955 0.01898926 0.3568922 0.08611522 0.3141871
0.03726585 0.1255941 0.2131051 0.01180722 0.08268498
0.3564188 0.6937901 0.3534682 0.1211891 0.9943303
0.7423232 0.2591263 0.2938032 1.255811 0.288011
0.1356289 0.09301809 0.4196974 0.1215118 0.3504695
0.02590257 0.1013907 0.04724975 0.296955 1.062188
0.2498863 0.06434018 0.4485561 0.5668716 0.2696371
0.01566621 0.3046443 0.1085949 0.4373307 0.05517488
0.01491746 0.3517351 0.8716817 0.01307829 0.1247437
0.2165931 0.2514454 0.1083089 0.1373746 0.4628117
0.2042626 0.1410922 0.07580776 0.1027493 1.104007
0.1320425 0.540724 0.8966877 0.1001084 0.3997861
0.3848797 0.3450328 0.6495396 0.1898239 0.03757865
0.06917617 0.01082391 0.1210207 0.06533679 0.04713546
0.05062774 0.2945802 0.3481941 0.8460475 0.1446136
0.2626911 0.1046391 0.1422663 0.01401988 0.1605877
0.4924699 0.5148695 0.5740914 0.6146503 0.4192131
0.08417736 0.5996387 0.07114361 0.5301525 0.1942075
0.3645734 0.3489448 0.4749066 0.4185455 0.158392
0.4579863 0.3351042 0.04660696 0.2732117 0.1373796
0.08169887 0.2569435 0.2004416 0.0624866 0.01352984
0.04283378 0.3223734 0.9312313 0.5524907 0.03256371
0.2246232 0.3790795 0.1979008 0.1532204 0.2125047
0.5629731 0.2359543 0.2936809 0.1583592 0.6049658
0.6232874 0.0564232 0.403446 0.2286191 0.02402124
0.04262444 0.1090497 0.4428205 0.19046 0.5044803
0.359486 0.1462927 0.0493079 0.03633317 0.6371927
0.01466786 0.1711889 0.4958509 0.2840367 1.316411
0.2213798 0.452509 0.3635013 0.1532265 0.2480807
0.7489859 0.6216632 0.01190559 0.01913439 0.1360232
0.2832272 0.2579662 0.2826368 0.2049243 0.3135437
0.3540109 0.2349901 0.2920501 0.1087471 0.3665635
0.2529446 0.2777627 0.501866 0.08897925 0.1521374
0.2272559 0.6942235 0.4274488 1.086634 0.1465143
0.09998127 0.003611721 0.2248394 0.1587294 0.06870439
0.05967497 0.4207448 0.4824445 1.71991 0.8365597
0.9232584 0.142015 0.08971968 0.5194676 0.1366243
1.500402 0.4892491 0.03831095 0.0651395 0.1353692
0.007621636 0.8955026 0.2928702 0.4555852 0.5519447
0.5815279 0.02937405 0.1652296 0.2949146 0.6208132
0.2565522 0.3618373 0.5116041 0.05880046 0.1388996
0.07395231 0.3825018 0.07627131 0.9233452 0.04925825
0.7898928 0.06489319 0.1919704 0.3135056 0.2438948
0.1481763 0.07254308 0.1860097 1.32501 0.1962858
0.4287523 0.3952012 0.05235642 0.1031078 0.1183316
0.01974869 0.2058685 0.5790407 0.6497295 0.9778946
0.05243589 0.02664431 0.2585695 0.9947429 0.2512693
0.02371879 0.03161648 0.03412456 0.4998724 0.6192206
0.207576 0.3062194 0.155517 0.1614708 0.2564121
0.07696733 0.1063259 0.1714005 0.0843378 0.2698376
0.2855548 0.07592738 0.04160224 0.04110973 0.1138366
0.08993364 0.2190645 0.9609969 0.8308713 0.1853049
0.3318137 1.040314 0.0839234 0.2236678 0.03692411
0.1067699 0.1712383 0.4973547 0.1626068 0.3556647
0.1662273 0.4733542 0.1843242 0.5846791 0.04813273
0.6138664 0.4276479 0.03189176 0.1915653 0.005585177
0.07005811 0.2160849 0.8922164 0.8327076 0.2357409
0.7516317 0.2695221 0.9488064 0.01989362 0.3999653
0.05355335 0.5897192 0.4993729 0.05892012 0.05904241
0.04876236 0.1300126 0.01890413 0.1796445 0.04219373
0.09701554 0.986452 0.4075453 0.9338679 0.163309
0.6448456 0.1908981 0.003868281 0.1684364 0.1086927
1.022403 0.1420408 0.2832384 0.7202339 0.1505633
0.09988223 1.042885 0.8418733 0.8086132 0.08691282
0.03042473 0.1597943 0.2026297 0.04667139 0.5723837
0.6275695 0.5400682 0.0907221 0.01269305 1.31948
0.7496179 0.3128381 0.2034639 0.4013251 0.3538932
0.6314598 0.1787119 0.2224914 0.01567841 0.07118335
0.3996334 1.265939 0.05548451 0.8456822 1.466708
0.02871788 0.08589094 0.01182336 0.009818716 0.4184875
1.219816 0.3484705 0.5171195 0.1477399 0.1787546
0.6344062 0.043191 0.07082788 0.2206097 0.7094651
0.1739739 0.3962887 0.08029986 0.3517659 0.04387646
0.07345877 0.4320015 0.1209123 0.2399228 0.02929316
0.07396437 0.679948 0.5183467 0.05882454 0.7229065
0.9233972 0.09039463 0.3299175 0.3990732 0.1866444
0.1781617 0.4206493 1.150078 0.3528052 0.8805121
0.0480126 0.05138122 0.1517549 0.004214525 0.6274779
0.6271364 0.313622 0.2977244 0.02794734 0.5176216
0.009777024 0.3011918 0.3095204 0.02070745 0.1034109
0.3668358 0.03390022 0.01609652 0.3853547 0.5773257
0.8379945 0.1163917 0.815156 0.5570172 0.006402127
0.7742152 0.2213249 0.1583199 0.5600129 0.09652867
0.1246995 0.5938092 0.3614665 0.3885321 0.2469634
0.03030738 0.02618863 1.162652 0.08119434 0.2516256
0.2429935 0.4087954 0.04310937 1.908981 0.8759566
0.5212443 0.09201538 0.07687172 0.8219057 1.056391
0.3394338 0.2386917 0.6694989 0.1217614 0.5064285
0.06749684 0.3466953 0.08379474 0.2486923 0.3496539
0.6791144 1.231422 0.2231168 0.1164436 0.9836756
0.8240406 0.0908859 0.04082226 0.1763204 0.1955783
0.1461704 0.05260934 0.4620845 0.1531117 0.3423169
0.05804917 0.07428826 0.2301739 0.3317044 0.643227
0.2831339 0.01102296 0.3167246 0.043632 0.7236885
0.008301267 0.3866023 0.9697413 0.03202385 0.5013382
0.1177811 0.148544 0.3486777 0.8872008 0.07876915
0.8074187 0.0812501 0.05688574 0.157555 0.3434815
0.3015366 0.1124227 0.06670857 0.6958919 0.534648
0.1389514 0.3569347 0.4922765 0.5953286 0.9463587
0.06815176 0.3898826 0.1735247 0.5167027 0.1340956
0.1062334 0.6159737 0.9050178 0.3713768 0.02032882
0.3178136 0.2060787 0.05399088 0.1571451 0.0695607
0.3144588 0.5417455 2.040098 0.3340369 0.7488947
0.05321981 0.2104327 0.07567998 0.6085393 0.2048962
0.2438158 0.006319334 0.05063646 0.07650472 0.009648562
0.2675533 0.1045087 0.2178041 0.8087975 0.5804048
0.7588342 0.1158488 0.27197 1.352385 0.1206756
0.01536355 0.01297268 0.4440038 0.2438102 0.6542687
0.2870042 0.2197812 0.21507 0.5083496 0.2611261
0.2128594 0.4762276 0.1462511 0.03359398 0.1045909
0.2830416 1.828347 0.1087132 0.1639569 0.3242548
0.4451044 0.7349581 0.4437628 0.03139132 0.2125845
0.1927774 1.404465 0.5081341 0.1944813 0.164578
1.897699 0.2807334 0.2915563 0.08870273 0.1679673
0.004914794 0.234419 1.717481 0.128505 0.1010771
0.3553277 0.001177024 0.02893475 0.07715143 0.3534243
0.2754606 0.3554876 0.4267568 0.0940443 0.09701427
0.09014267 0.05849962 0.03887434 0.7081027 0.08256601
0.9294307 0.04414294 1.011335 0.03792682 0.08166379
0.3473028 0.04566692 0.06495136 0.2630395 0.4428897
0.2702243 0.7232896 0.08661185 1.450628 0.2175026
0.08114243 0.04065744 0.1948396 0.1462442 0.792943
0.467237 0.02545999 0.3125655 0.4278907 0.4657301
1.302193 0.3267081 0.05623213 0.5373878 0.1119894
0.2603524 0.1018708 0.1082824 0.05052389 0.9457481
0.1730615 0.3875048 0.2333503 0.1869903 0.05789083
0.1024015 0.1184156 0.1851412 0.02331962 0.2323564
0.4248122 0.2575099 0.02577717 0.5159013 0.7147918
0.4749167 0.7865455 0.04320024 0.03671229 0.0007510328
0.2364201 0.02377038 0.0547763 0.0517614 0.9034044
1.794408 0.3599027 0.4958428 0.04733885 0.2075189
0.7577514 0.5327226 0.4208497 0.322626 0.352339
0.3690584 0.3803004 0.1727911 0.493575 0.7737079
0.02174265 0.3007372 0.3623843 0.1280592 0.3928427
0.2021591 0.09372968 0.1908365 0.04164777 0.1103318
0.1223204 0.1487262 0.001156363 0.005151973 0.06837771
0.2673741 1.355388 0.04268857 0.1063849 0.1796932
0.01048631 1.502452 0.5011216 1.061765 0.1720232
0.3606672 0.8182013 0.07885536 0.3533622 1.339938
0.01773499 0.1820695 0.03557499 0.2111116 1.167645
0.9369151 0.2835984 0.451622 0.02838194 0.5206081
0.05002675 0.1789543 0.417731 0.5306659 0.7831728
0.3329193 0.2563537 0.2693421 0.04402206 0.1240534
0.5936559 0.2090949 0.1004362 0.3422561 0.6078479
0.1022242 0.03356133 0.248041 0.226522 0.6765803
0.806117 1.285095 0.04009859 0.8307686 0.08329216
0.2530182 0.3318407 1.324126 0.1617094 0.5531971
0.08505807 0.01684623 0.03137287 0.1435278 0.3875339
0.3194207 0.3325004 0.2053799 0.2396043 0.4566215
0.3183224 0.522808 0.4814575 0.2244471 0.002703787
0.7935057 0.5163312 1.55155 0.181118 0.09371547
0.1067447 0.05523096 0.8200537 0.03588366 0.2141693
0.6370038 0.03912975 0.3128728 0.06197123 0.4920732
0.4459856 0.1875049 0.2422763 0.63668 0.1285391
0.1302951 0.5446221 0.1059069 0.4155001 0.6723032
0.3375205 0.1916138 0.1136417 0.6701181 1.085494
0.21051 0.2916667 0.07115028 0.1718229 0.2653182
0.06504758 0.3486985 0.4247953 0.3457469 0.9117391
0.1458399 0.4454594 0.02623042 0.1234617 0.6895367
0.7006211 0.7507559 0.03830767 0.0161289 0.8130801
1.133942 0.06573796 0.06825363 0.3768504 0.4620302
0.01948165 0.06584509 0.8837683 0.1312494 1.25775
0.6442082 0.02474298 0.2960664 0.1735361 0.2334047
0.4199459 0.004995964 0.2354581 0.3441901 0.005162811
0.1385374 0.1256364 0.2423645 0.1445762 0.05094479
1.074311 0.4063735 0.3905658 0.2714981 0.2902566
0.04175197 0.5789249 0.1462754 0.2380132 0.1829362
0.290185 0.8780373 0.236429 1.141482 0.1367864
0.4488544 0.09397822 0.08160688 0.4186469 0.4354395
0.7700612 0.2986688 0.4104164 1.124728 0.09256365
0.0710637 0.7447305 0.3545997 1.703027 0.08588167
0.2459789 0.1364972 0.02948526 0.07390085 0.09293736
0.3713617 0.03411725 0.3538064 0.01475977 0.2654125
0.1531761 0.4922062 0.2565001 0.1711358 0.1540052
0.1115837 0.2802799 0.6298587 0.1775538 0.1058637
0.3610115 0.6258029 0.5598861 0.4633332 0.3905985
0.03918627 0.1189316 0.4861478 0.4970983 0.3273917
0.8223889 0.3644829 0.04914484 0.1091763 0.1997731
0.6397321 0.09865604 0.1290202 0.4746071 0.8453045
0.4727348 0.2719436 1.058233 0.4385944 0.3651474
1.113752 0.6041956 0.0950078 0.5764122 0.4584684
0.8949197 0.1138505 0.9360583 0.2535029 0.148984
0.5256102 0.1725025 0.2845855 0.5692518 0.4024355
0.1180725 0.3508199 0.7315301 0.01396242 0.1196762
0.04198746 0.2818718 0.08100085 0.1673932 0.6881227
0.1422257 0.09538201 0.01223237 0.1619365 1.809085
0.1116256 0.2551081 0.2951377 0.5283718 0.2890719
0.2480384 0.08578505 0.4818356 1.243672 0.1342859
0.3365291 0.03333937 0.450218 0.136765 0.2740734
0.127654 0.06988978 0.09786465 0.5927413 0.2775906
0.3811948 0.02056941 0.1798971 0.3171996 0.1595776
3.129895 0.38607 0.5360303 0.04469799 0.3918952
0.02173843 0.1995168 0.3027264 0.9510641 1.165177
0.6996495 0.09846088 0.1154425 0.6324983 1.29316
0.4290274 0.1350794 0.1125736 0.02319702 0.7638556
0.01374489 0.6466242 0.01959235 0.02177614 0.101411
0.1421778 0.09037466 0.2388154 0.4395277 0.02866224
0.1494986 0.0369549 0.09214445 0.1024749 0.009960538
