Price	Number_of_Hours_Late	Number_Cancelled_per_Day_per_500	Bag_Delivery_Time	Number_Lost_Bags
1998.41	0.419	53	25.3954	2
1320.65	0.37	63	6.8734	3
1914.15	0.433	28	7.8688	3
1449.18	0.351	48	11.4976	2
1217.93	0.36	38	25.0174	1
1507.68	0.439	58	21.0358	2
1511.73	0.408	53	23.4298	3
1737.06	0.415	43	10.2754	7
1965.15	0.454	53	32.4388	3
1681.01	0.417	43	7.012	4
1984.17	0.372	63	6.76	3
1543.41	0.413	78	49.1338	1
1496.81	0.398	43	14.5342	4
2463.36	0.453	43	6.76	1
2098.29	0.41	53	9.5824	0
1686.52	0.416	58	7.9066	2
1597.91	0.425	38	10.8046	4
1224.65	0.462	63	19.7632	0
1629.16	0.449	63	15.8446	2
1787.17	0.449	58	6.76	1
1873.38	0.418	58	18.6796	2
1330.49	0.435	48	17.3944	1
1786.58	0.382	53	9.532	2
1533.59	0.402	53	14.5594	5
1659.22	0.391	53	27.4114	1
1666.54	0.46	38	13.123	1
1463.5	0.409	43	7.0372	1
1541.73	0.412	43	24.589	1
1902.17	0.433	38	17.9362	6
1676.35	0.467	43	20.3554	5
1917.83	0.42	53	7.7932	3
1988.74	0.384	48	18.8434	1
1857.12	0.37	53	31.6576	3
2003.94	0.421	53	7.831	3
2252.25	0.414	33	24.5134	2
1689.66	0.43	43	15.4792	0
1906	0.393	18	11.5858	1
1689.79	0.404	48	11.926	3
1257.94	0.428	63	9.154	1
1553.72	0.41	48	14.1688	3
2028.7	0.354	48	6.76	2
1635.23	0.485	43	21.7036	2
1479.54	0.361	28	13.0474	0
1239.11	0.475	83	39.8728	2
2089.49	0.423	68	25.0048	3
1312.13	0.445	38	6.76	0
1698.59	0.394	63	19.0576	4
1985.66	0.376	58	9.5572	6
1386.39	0.412	73	35.0092	1
1685.5	0.357	63	17.8354	1
1551.63	0.376	38	15.5044	
1314.54	0.458	38	15.4288	
1757.95	0.487	33	6.76	
1388.42	0.404	48	7.9948	
1614.8	0.433	18	12.7072	
2291.62	0.425	48	23.5936	
1731.89	0.339	43	6.76	
1881.61	0.442	68	21.7414	
1662.95	0.38	113	12.6064	
1498.28	0.375	68	6.9364	
1601.23	0.439	63	7.8814	
1221	0.383	53	8.5996	
1751.22	0.459	53	30.8512	
1593.18	0.398	48	6.76	
1394.82	0.459	33	10.6786	
1738.39	0.378	38	12.43	
1398.19	0.394	68	9.091	
2254.53	0.373	38	9.658	
1572.89	0.406	58	13.7908	
1913.28	0.413	48	13.2364	
1717.45	0.401	48	6.76	
1948.65	0.375	48	6.76	
1229.49	0.413	53	29.3266	
1157.76	0.428	73	26.1892	
1600.1	0.372	78	29.2888	
1688.88	0.38	63		
1463.15	0.475	48		
1764.85	0.417	43		
1421.54	0.38	63		
1763.35	0.463	48		
2057.14	0.456	43		
1460.51	0.43	28		
1944.47	0.412	63		
1440.45	0.388	43		
1998.18	0.363	53		
1902.77	0.341	48		
1606.77	0.435	63		
1604.74	0.404	38		
1284.5	0.416	53		
2027.62	0.409	38		
1653.68	0.338	33		
1244.92	0.369	63		
1466.08	0.327	28		
1377.24	0.411	23		
2075.75	0.437	48		
1688.97	0.386	48		
1510	0.359	38		
1491.49	0.454	53		
1510.68	0.409	53		
1940.22	0.358	43		
1249.45	0.404	43		
1798.85	0.418	63		
1521.68	0.408	88		
2144.89	0.396	33		
1213.22	0.397	78		
2096.94	0.374	48		
1884.55	0.409	53		
1654.86	0.395	28		
1657.24	0.454	63		
1585.82	0.449	43		
2064.99	0.388	43		
1715.9	0.453	58		
1904.46	0.399	73		
1500.6	0.433	43		
1958.4	0.435	48		
1878.94	0.424	38		
1839.86	0.45	38		
1227.64	0.377	38		
2042.12	0.429	63		
1710.98	0.427	58		
1480.62	0.346	73		
1437.92	0.432	68		
1873.71	0.385	33		
2033.83	0.476	78		
1161.23	0.407	58		
1752.24	0.379	63		
1520.89	0.403	73		
1126.18	0.363	43		
1728.96	0.417	63		
2033.54	0.465	33		
1514.36	0.439	63		
2035.1	0.389	68		
1135.8	0.394	38		
1844.82	0.38	48		
1225.62	0.501	43		
1698.54	0.484	48		
1462.8	0.415	48		
1649.67	0.445	58		
1260.08	0.379	63		
1441.55	0.447	38		
1718.09	0.395	38		
1045.29	0.382	53		
1889.43	0.423	48		
1434.18	0.421	78		
1667.24	0.419	68		
1736.65	0.452	43		
1204.74	0.468	73		
1813.2	0.393	28		
1722.28	0.388	53		
1319.62	0.453	53		
1817.22	0.418	53		
1599.72	0.355	38		
1446.22	0.411	58		
2105.41	0.36	38		
1659.54	0.389	73		
1766.49	0.435	53		
1303.72	0.459	63		
1109	0.476	53		
1079.32	0.395	68		
1506.94	0.386	48		
1968.65	0.415	63		
2113.78	0.468	53		
1758.99	0.391	38		
1324.9	0.396	48		
2215.03	0.457	58		
1900.68	0.442	53		
1549.95	0.48	58		
1691.92	0.452	53		
1540.09	0.414	48		
1658.63	0.484	68		
1288.25	0.39	63		
2119.67	0.376	53		
1845.25	0.451	68		
1831.57	0.473	53		
1437.29	0.398	53		
1501.26	0.404	43		
1794.2	0.362	43		
1770.41	0.367	43		
1868.94	0.371	48		
2052.98	0.436	43		
1204.41	0.339	28		
1970.18	0.538	63		
1760.65	0.423	43		
1083.67	0.392	63		
1567.9	0.434	38		
1442.83	0.336	33		
1301.9	0.448	28		
1799.34	0.404	58		
1146.43	0.375	63		
1705.27	0.442	53		
1787.97	0.406	43		
1732.77	0.378	73		
1847.61	0.347	48		
1445.55	0.43	43		
1744.22	0.414	63		
1661.19	0.455	63		
1964.38	0.377	63		
2021.89	0.472	63		
1505.94	0.459	33		
1903.09	0.349	43		
1626.11	0.389	38		
1416.28	0.394	43		
1681.12	0.471	38		
2072.79	0.394	68		
1567.42	0.386	43		
1685.49	0.424	53		
1662.1	0.385	63		
1265.01	0.323	38		
1860.45	0.447	63		
1802.22	0.406	63		
1463.81	0.429	33		
1557.26	0.398	33		
2164.8	0.396	23		
1701.82	0.457	33		
1427.22	0.479	63		
2347.54	0.384	58		
1973.1	0.351	58		
1503.01	0.383	58		
1598.22	0.405	38		
1819.49	0.389	38		
1028.18	0.441	43		
1987.12	0.435	68		
1807.45	0.47	48		
1384.82	0.387	43		
1790.83	0.421	38		
1965.66	0.454	33		
1579.71	0.484	58		
1826.08	0.355	63		
1633.67	0.426	43		
1765.78	0.385	38		
1428.54	0.381	43		
1729.74	0.475	48		
1785.79	0.382	63		
1104.88	0.502	53		
948.82	0.464	48		
2054.46	0.398	43		
1401.41	0.415	48		
1831.01	0.438	48		
1931	0.415	43		
2007.98	0.417	53		
1588.63	0.39	48		
1697.74	0.435	48		
1758.99	0.379	48		
1235.18	0.434	48		
1731.42	0.435	58		
1326.05	0.474	38		
1412.26	0.406	63		
1420.4	0.45	33		
1786.49	0.396	48		
1204.41	0.471	63		
1613.4	0.433	53		
1506.92	0.412	58		
1863.58	0.411	63		
1257.75	0.38	53		
1595.38	0.47	78		
1517.05	0.396	53		
1596.42	0.464	53		
1675.32	0.428	63		
1596.95	0.425	28		
2005.82	0.381	53		
1876.92	0.433	78		
2014.54	0.39	43		
1234.75	0.396	63		
1650.06	0.378	73		
1268.02	0.42	48		
1396.03	0.45	53		
1350.1	0.379	83		
1853.62	0.361	68		
2203.08	0.396	18		
1591.71	0.428	28		
1715.95	0.385	53		
1184.98	0.408	58		
1556.94	0.413	63		
1503.33	0.433	43		
1739.58	0.435	38		
1722.85	0.441	68		
1818.17	0.383	63		
2092.36	0.413	38		
1411.66	0.388	43		
2073.07	0.38	43		
976.19	0.33	43		
2136.16	0.432	63		
1545.89	0.393	88		
1521.98	0.46	48		
2147.38	0.418	48		
1828.77	0.482	38		
1963.58	0.382	33		
1574.46	0.417	28		
1429.68	0.474	43		
1297.01	0.37	43		
1760.23	0.435	48		
1868.38	0.369	58		
1426.22	0.369	68		
1245.09	0.359	63		
1212.38	0.376	48		
1508.45	0.399	48		
1731.33	0.453	43		
1786.75	0.482	73		
1457	0.403	68		
1582.58	0.402	78		
1038.01	0.394	33		
1463.85	0.394	38		
2058.35	0.391	33		
1668.08	0.399	53		
1568.62	0.42	78		
2031.42	0.453	43		
2059.31	0.346	43		
1452.12	0.415	33		
1511.62	0.399	23		
1773.18	0.401	53		
1506.78	0.45	43		
1337.86	0.402	38		
1289.3	0.407	58		
2306.69	0.388	33		
1478.77	0.412	48		
1610.38	0.394	48		
1796.12	0.377	78		
1505.45	0.431	28		
1470.13	0.463	48		
1573.43	0.439	53		
1672.71	0.411	68		
1301.44	0.469	58		
1703.78	0.456	28		
1644.16	0.353	78		
1851.59	0.329	73		
1569.99	0.344	23		
1235.94	0.411	43		
1621.43	0.425	58		
1782.14	0.48	68		
1879.1	0.378	78		
1465.25	0.397	58		
1577.26	0.434	43		
1880.48	0.379	63		
1806.2	0.447	43		
1746.59	0.428	48		
1715.98	0.413	63		
1851.81	0.435	73		
1539.45	0.388	78		
1675.05	0.397	53		
1435.1	0.38	48		
1659.19	0.403	53		
1666.23	0.449	33		
1722.9	0.413	48		
1573.45	0.422	48		
1862.18	0.434	38		
1517.23	0.416	38		
1631.38	0.419	58		
1740.18	0.394	48		
1344.7	0.454	53		
1663.94	0.405	63		
1582.2	0.386	38		
1333.59	0.487	58		
1626.5	0.401	38		
1246.17	0.353	58		
1378.48	0.403	53		
1801.75	0.408	53		
1674.28	0.449	58		
1710.14	0.448	28		
1357.91	0.388	53		
2016.19	0.389	48		
1631.19	0.377	48		
1651.35	0.416	43		
1591.5	0.456	68		
1661.65	0.394	53		
1852.67	0.397	28		
2125.62	0.377	28		
1688.59	0.394	48		
1599.09	0.437	43		
1759.13	0.419	53		
1400.74	0.438	48		
2096.59	0.429	33		
1060.58	0.409	58		
1557.59	0.399	58		
1291.26	0.419	38		
1538.18	0.397	53		
1675.66	0.483	78		
2105.98	0.435	48		
2002.45	0.408	43		
1901.86	0.479	43		
2238.86	0.402	48		
1878.7	0.394	68		
1873.18	0.431	53		
1566.46	0.452	68		
1991.04	0.412	53		
1542.6	0.439	48		
1399.24	0.368	38		
1839.46	0.406	58		
1568.79	0.378	68		
1787.2	0.415	68		
1848.36	0.369	48		
1907.72	0.408	23		
1670.98	0.37	43		
1638.74	0.478	58		
2041.23	0.445	48		
2012.65	0.393	38		
1709.14	0.421	63		
1446.58	0.409	78		
1520.54	0.406	28		
1304.62	0.536	53		
1893.72	0.391	83		
1849.58	0.437	53		
1496.78	0.378	73		
1537.75	0.416	48		
1569.94	0.431	58		
1166.44	0.437	38		
1337.95	0.377	38		
1571.43	0.413	48		
1462.54	0.492	43		
1987.8	0.385	53		
1373.84	0.42	63		
1413.46	0.374	48		
1490.33	0.445	33		
1663.29	0.452	53		
1321.22	0.419	43		
1820.79	0.338	63		
1431.45	0.444	43		
1387.94	0.414	48		
1152.22	0.352	53		
1323.82	0.426	18		
1480.01	0.398	48		
1403.86	0.434	53		
1825.15	0.415	48		
2005.64	0.365	38		
1872.13	0.368	68		
1383.49	0.406	43		
1645.37	0.435	68		
1674.1	0.374	53		
1630.1	0.416	58		
1467	0.37	53		
1433.48	0.395	53		
1954.37	0.472	63		
1492.56	0.393	48		
1675.36	0.41	38		
1081.89	0.364	48		
1599.75	0.415	48		
1407.22	0.361	33		
1399.91	0.406	48		
1797.17	0.354	48		
1631.96	0.382	63		
1354.17	0.454	83		
1069.2	0.419	48		
1645.99	0.376	53		
1700.15	0.396	63		
1978.79	0.371	58		
1922.9	0.46	38		
1385.4	0.363	48		
1840.38	0.418	28		
2274.92	0.364	53		
2091.73	0.38	63		
1999.13	0.405	63		
1824.66	0.43			
1841.67	0.4			
1687.32	0.466			
1813.06	0.382			
2403.56	0.375			
1700.47	0.414			
1255.89	0.369			
1511.8	0.46			
1671.23	0.417			
1439.32	0.388			
1946.57	0.418			
1782.83	0.445			
1691.9	0.34			
1639.82	0.461			
1163.37	0.408			
2004.26	0.394			
1598.17	0.397			
1631.82	0.406			
1594.72	0.387			
1420.15	0.447			
1486.82	0.385			
1434.82	0.38			
1495.68	0.411			
1516.32	0.512			
1448.59	0.386			
1992.02	0.426			
1517.1	0.452			
1531.94	0.398			
1347.74	0.447			
1759.79	0.405			
1788.08	0.419			
1040.51	0.41			
1994.16	0.373			
1161.24	0.387			
1480.94	0.43			
1470.07	0.392			
1654.39	0.406			
1423.76	0.384			
1453.95	0.458			
1835.07	0.375			
1555.26	0.468			
1545.88	0.39			
1407.33	0.488			
1613.68	0.413			
1813.14	0.433			
1949.74	0.389			
1349.11	0.413			
1461.06	0.409			
1864.07	0.442			
1795.97	0.408			
2190.21	0.433			
1752.7	0.366			
1441.02	0.414			
1668.5	0.45			
1493.94	0.457			
1387.18	0.383			
1446.58	0.37			
1812.46	0.411			
1688.63	0.419			
1684.49	0.425			
1713.38	0.426			
1077.04	0.344			
1455.96	0.441			
869.5	0.336			
1961.96	0.391			
1343.5	0.412			
1782.64	0.454			
1805.06	0.4			
2125.86	0.408			
1494.65	0.411			
1161.35	0.453			
1447.39	0.399			
1704.42	0.401			
2151.84	0.353			
1990.06	0.359			
1688.64	0.381			
1408.62	0.453			
1322.02	0.388			
1721.84	0.458			
2092.69	0.385			
1523.74	0.429			
1453.14	0.404			
1740.97	0.367			
1183.58	0.381			
1565.36	0.494			
1513.82	0.404			
1923.95	0.401			
1194.11	0.42			
2213.17	0.424			
1471.59	0.452			
1622.74	0.421			
1577.18	0.397			
1495.13	0.383			
1676.32	0.364			
1931.9	0.433			
2126.94	0.416			
1593.66	0.426			
1247.44	0.44			
1056.26	0.403			
1773.27	0.452			
1812.59	0.377			
1666.36	0.424			
1583.62	0.45			
1680.91	0.402			
1110.17	0.375			
1734.61	0.438			
1376.5	0.385			
1515.38	0.444			
1673.69	0.395			
1894.34	0.401			
1636.87	0.404			
1655.92	0.431			
1566.82	0.379			
925.22	0.412			
1686.46	0.437			
1758.6	0.37			
1866.78	0.413			
1816.86	0.403			
1077.42	0.425			
1063.9	0.407			
2012.85	0.36			
1967.86	0.37			
1520.96	0.39			
1523.57	0.439			
1472.1	0.404			
1283.37	0.416			
1411.73	0.439			
2082.37	0.413			
1905.87	0.409			
1485.77	0.41			
1972.73	0.433			
1764.85	0.429			
1540.7	0.37			
1553.39	0.429			
1731.74	0.366			
2240.06	0.511			
1405.88	0.408			
1330.25	0.479			
1663.86	0.418			
1553.46	0.384			
1147.98	0.483			
1560.26	0.484			
1591.86	0.415			
1154.31	0.413			
1587.35	0.412			
1601.53	0.477			
2185.95	0.398			
1590.86	0.418			
1285.18	0.429			
1747.16	0.397			
1855.23	0.387			
1558.86	0.433			
1437.58	0.406			
1335.22	0.405			
1530.25	0.43			
1704.84	0.413			
1955.47	0.408			
1815.73	0.422			
1287.28	0.452			
1349.62	0.401			
1944.49	0.42			
1880.12	0.339			
2065	0.438			
1744.03	0.416			
1125.27	0.401			
1506.29	0.352			
1276.07	0.391			
1632.02	0.435			
2061.73	0.403			
1541.16	0.438			
2253.73	0.446			
1925.42	0.394			
1593.07	0.392			
2087.69	0.4			
1775.39	0.379			
1338.41	0.405			
1224.14	0.402			
1687.14	0.432			
1548.96	0.456			
1955.88	0.42			
1435.39	0.365			
2124.97	0.408			
1494.64	0.434			
1215.48	0.466			
1800.57	0.509			
1428.16	0.382			
1629.8	0.436			
1367.38	0.419			
1919.48	0.426			
1865.06	0.4			
1745.62	0.434			
1557.7	0.47			
1213.59	0.452			
1999.96	0.43			
1167.79	0.413			
2070.42	0.398			
1553.62	0.407			
1739.78	0.388			
1424.3	0.441			
1168.08	0.412			
1171.86	0.421			
1763.55	0.434			
1419.87	0.43			
1012.57	0.391			
1765.66	0.445			
1683.14	0.355			
1037.98	0.334			
1467.37	0.371			
1895.62	0.359			
1605.82	0.4			
1686.97	0.405			
1602.98	0.491			
1367	0.45			
2141.72	0.448			
1764.74	0.438			
1533.38	0.425			
1114.46	0.435			
1559.09	0.315			
1835.49	0.424			
1009.74	0.423			
1527.78	0.397			
2037.51	0.406			
1958.03	0.423			
1364.02	0.365			
1508.74	0.462			
1827.13	0.457			
1652.46	0.433			
1774.68	0.41			
1465.65	0.431			
2010.2	0.446			
1988.87	0.393			
2102.1	0.401			
1537.59	0.419			
1795.64	0.403			
1344.74	0.42			
1261.85	0.393			
1260.14	0.386			
1112.72	0.416			
1335.98	0.378			
1746.27	0.402			
1382.01	0.413			
1879.81	0.397			
1350.42	0.474			
1684.71	0.413			
1603.02	0.413			
1492.78	0.371			
1328.2	0.398			
1903.4	0.366			
2304.25	0.429			
2130.22	0.37			
1626.14	0.451			
2097.53	0.345			
1093.54	0.424			
1396.09	0.414			
1638.63	0.441			
1368.79	0.427			
1736.94	0.446			
1720.17	0.391			
1607.34	0.444			
2027.24	0.377			
1829.11	0.383			
1900.3	0.43			
1819.42	0.492			
1382.82	0.428			
1719.18	0.44			
1439.44	0.383			
1930.38	0.408			
1897.83	0.406			
1626.12	0.457			
1759.71	0.39			
1605.36	0.421			
1374.04	0.367			
1616.45	0.36			
1484.08	0.412			
2188.62	0.407			
832.46	0.417			
1425.22	0.422			
1620.99	0.39			
1822.45	0.432			
1953.15	0.403			
1192.17	0.391			
1383.14	0.405			
1909.91	0.42			
2027.95	0.36			
1819.18	0.385			
1759.32	0.395			
1897.05	0.379			
1910.16	0.397			
1345.78	0.446			
1535.26	0.392			
1781.94	0.518			
1828.84	0.363			
1756.42	0.428			
1941.79	0.426			
1642.94	0.385			
1962.06	0.482			
1677.39	0.429			
1308.13	0.402			
1498.02	0.426			
1627.95	0.489			
1729.11	0.397			
1321.94	0.421			
1924.73	0.371			
1150.96	0.412			
1643.52	0.394			
1464.14	0.379			
1858.55	0.445			
1395.85	0.418			
1960.93	0.375			
1792.17	0.372			
1662.47	0.449			
1882.73	0.388			
1872.9	0.426			
1335.03	0.364			
1606.44	0.42			
1102.84	0.405			
1676.29	0.505			
1566.22	0.431			
983.62	0.396			
1467.18	0.425			
1422.04	0.369			
1861.62	0.41			
1431.54	0.394			
1697.2	0.433			
1519.48	0.387			
2077.9	0.455			
1807	0.449			
1183.44	0.433			
1954.15	0.44			
1144.95	0.461			
1768.37	0.457			
1729.19	0.416			
1708.46	0.391			
1598.2	0.414			
1671.26	0.368			
1393.94	0.403			
1861.22	0.444			
1439.86	0.44			
1618.12	0.372			
1669.43	0.384			
1066.75	0.397			
1805.06	0.435			
1743.29	0.429			
1568.2	0.405			
1544.24	0.47			
1747.55	0.448			
1808.12	0.456			
1622.18	0.404			
883.34	0.45			
2134.26	0.403			
1531.74	0.427			
1244.03	0.443			
1382.58	0.412			
1516.34	0.357			
1638.06	0.466			
1708.32	0.43			
1457.36	0.413			
1581.22	0.43			
1471.42	0.408			
1749.37	0.407			
1324.38	0.368			
917.38	0.435			
1350.96	0.379			
1710.61	0.421			
1332.28	0.382			
1480.5	0.444			
1660.47	0.413			
1645.5	0.432			
1531.76	0.415			
1710.07	0.406			
1027.96	0.404			
1241.23	0.413			
1213.85	0.382			
1120.6	0.431			
1778.49	0.417			
1216.58	0.435			
1544.96	0.339			
1676.18	0.468			
1548.54	0.391			
1381.21	0.414			
1451.5	0.356			
1886.23	0.412			
2113.18	0.416			
1649.13	0.405			
1569.08	0.366			
1387.79	0.401			
1334.3	0.39			
1585.23	0.418			
1794.87	0.424			
1679.75	0.482			
1385.3	0.414			
1647.73	0.393			
1255.17	0.422			
1708.41	0.385			
1375.18	0.462			
1804.84	0.409			
1037.21	0.364			
1499.7	0.383			
1330.62	0.393			
1431.66	0.41			
1778.24	0.413			
1627.39	0.366			
1193.74	0.364			
1518.12	0.398			
1561.57	0.378			
1426.63	0.421			
1860.78	0.408			
1367.73	0.481			
1759.15	0.36			
2308.62	0.354			
1580.86	0.441			
1692.44	0.422			
1615.34	0.377			
1865.6	0.425			
1263.75	0.376			
1280.85	0.44			
1859.53	0.4			
2035.78	0.467			
1605.25	0.383			
1898.52	0.427			
1332.1	0.377			
1847.63	0.378			
1655.68	0.45			
1317.06	0.466			
1302.88	0.432			
1703.58	0.402			
1546.72	0.493			
1983.7	0.394			
1585.55	0.443			
2045.38	0.439			
1413.06	0.375			
2434.65	0.483			
1775.91	0.391			
1590.5	0.375			
1827.98	0.394			
998.71	0.403			
1516.9	0.378			
2145.6	0.434			
1717.18	0.367			
1614.67	0.436			
1884.49	0.488			
1168.52	0.404			
1389.55	0.461			
2169.5	0.411			
1768.8	0.401			
2091.06	0.365			
1637.83	0.46			
1247.17	0.404			
1748.74	0.459			
2062.33	0.418			
1575.73	0.46			
1521.98	0.446			
1495.23	0.394			
1229.78	0.431			
1365.53	0.438			
1345.43	0.347			
1092.53	0.388			
1621.5	0.398			
1593.58	0.434			
1762.48	0.387			
1657.65	0.396			
1409.6	0.421			
2659.59	0.336			
1488.19	0.338			
1483.38	0.443			
1603.1	0.387			
800.58	0.476			
1144.22	0.36			
1851.75	0.429			
1056.71	0.401			
2006.02	0.416			
1639.83	0.48			
1357.21	0.376			
2054.32	0.368			
1732	0.404			
1510.56	0.455			
1912.72	0.418			
2107.09	0.415			
1940.08	0.407			
1887.18	0.435			
1452.24	0.373			
1488.78	0.462			
1839.57	0.408			
1860.65	0.395			
1651.03	0.428			
2182.82	0.388			
1783.09	0.423			
1456.4	0.468			
1121.37	0.485			
1920.13	0.425			
1669.91	0.411			
2002.97	0.414			
1985.04	0.357			
1369.76	0.401			
1793.26	0.416			
1847.63	0.369			
2180.24	0.409			
1988.16	0.408			
1521.19	0.421			
1532.1	0.353			
1227.57	0.432			
927.43	0.38			
1846.95	0.437			
1467.54	0.373			
1485.47	0.379			
1651.23	0.474			
2109.42	0.341			
1179.51	0.381			
1791	0.445			
1648.49	0.418			
2057.56	0.433			
1804.07	0.408			
1980.5	0.357			
1740.51	0.401			
1434.43	0.394			
1479.29	0.428			
1381.08	0.409			
1787.81	0.377			
1033.69	0.372			
1275.95	0.381			
1823.85	0.391			
1617.32	0.38			
1116.63	0.387			
1762.98	0.484			
1772.89	0.478			
1998.85	0.426			
1668.44	0.441			
1303.07	0.391			
1657.14	0.427			
1371.9	0.402			
1528.6	0.381			
1505.25	0.393			
1719	0.553			
1199.93	0.412			
1701.34	0.427			
1885.24	0.405			
1955.02	0.538			
1643.66	0.42			
1195.14	0.418			
1138.12	0.364			
1343.1	0.486			
1606.94	0.45			
1504.35	0.426			
1965.68	0.46			
1695.96	0.426			
2042.24	0.492			
1973.68	0.497			
2133.44	0.39			
1789.99	0.373			
1669.29	0.441			
1849.98	0.38			
1546.74	0.379			
1709.11	0.44			
1622.12	0.469			
1640.1	0.325			
1801.62	0.421			
1604.3	0.444			
1676.93	0.416			
1590.74	0.386			
1500.36	0.374			
1291.38	0.418			
1599.96	0.412			
1736.18	0.455			
1844.86	0.41			
1681.39	0.413			
1439.96	0.42			
1793.05	0.484			
1911.04	0.411			
1963.91	0.45			
1491.18	0.462			
1206.19	0.395			
1402.26	0.4			
1578.98	0.425			
1603.89	0.455			
2289.38	0.37			
1726.19	0.408			
1098.34	0.39			
1794.41	0.379			
1959.68	0.421			
1356.52	0.392			
1268.56	0.388			
1694.93	0.38			
1937.13	0.421			
1384.18	0.46			
1901.03	0.385			
1813.26	0.387			
1808.73	0.449			
1538.5	0.405			
1497.08	0.375			
1666.38	0.371			
1397.23	0.391			
1214.58	0.391			
1957.13	0.408			
1526.22	0.406			
1654.89	0.451			
1722.94	0.422			
1178.47	0.359			
1269.62	0.374			
1671.32	0.432			
1118.98	0.368			
1674.61	0.389			
1549.06	0.438			
1628.7	0.441			
1719.94	0.435			
1667.09	0.435			
1859.21	0.428			
1837.37	0.383			
1784.07	0.369			
1822.36	0.503			
1683.95	0.403			
1710.62	0.429			
1922.05	0.381			
1426.38	0.406			
1367.77	0.49			
1630.37	0.382			
1358.65	0.389			
1820.7	0.409			
2215.26	0.396			
1843.78	0.419			
1154.62	0.413			
1325.51	0.365			
1387.26	0.391			
1269.09	0.391			
1945.69	0.425			
1455.57	0.38			
1099.32	0.407			
1426.46	0.38			
1507.18	0.434			
1900.66	0.469			
1935.18	0.398			
1188.98	0.467			
1537.36	0.385			
1871.78	0.392			
997.64	0.393			
1846.12	0.419			
1514.78	0.362			
1712.08	0.398			
1606.85	0.421			
1646.58	0.432			
1065.48	0.415			
1463.85	0.391			
1267.72	0.372			
1259.31	0.419			
1425.02	0.361			
1818.54	0.4			
1573.9	0.425			
1752.57	0.477			
1662.19	0.411			
1656.1	0.402			
1574.79	0.402			
1722.25	0.449			
1830.18	0.332			
1779.25	0.403			
1320.04	0.437			
2035.32	0.405			
1735.09	0.425			
1648.09	0.435			
1817.81	0.49			
1534.17	0.358			
2076.17	0.393			
1118.92	0.375			
1557.58	0.455			
1515.8	0.379			
1300.91	0.45			
834.94	0.398			
1401.38	0.393			
1811.46	0.413			
1116.22	0.412			
1791.42	0.383			
1502.67	0.441			
1917.47	0.407			
1695.58	0.401			
1791.76	0.35			
2036.45	0.395			
1868.73	0.427			
1789.35	0.372			
1387.44	0.375			
1880.3	0.435			
1840.38	0.395			
1303.82	0.461			
1621.02	0.423			
1321.62	0.425			
2318.57	0.432			
1479.74	0.404			
1848.38	0.389			
1994.06	0.452			
2150.5	0.383			
1529.45	0.419			
1436.96	0.37			
1632.35	0.47			
1649.5	0.418			
1240.94	0.47			
1605.93	0.437			
1400.64	0.357			
1704.89	0.385			
1401.71	0.435			
2049.55	0.34			
1149.56	0.412			
1135.04	0.401			
1639.7	0.438			
1027.6	0.452			
1808.1	0.42			
1744.15	0.387			
1790.88	0.352			
1587.44	0.425			
1777.97	0.473			
1663.62	0.406			
1879.02	0.418			
1440.38	0.352			
1400.6	0.463			
1643.89	0.352			
1505.19	0.437			
1711.7	0.431			
1472.98	0.384			
1870.82	0.373			
2077.21	0.394			
1514.54	0.408			
1780.5	0.437			
1486.96	0.406			
1601.34	0.422			
1237.08	0.443			
1371.86	0.425			
1480.73	0.393			
1844.26	0.404			
1263.44	0.387			
1884.56	0.396			
1638.76	0.409			
1032.83	0.36			
1548.74	0.481			
1627.34	0.427			
1899.36	0.402			
1795.26	0.391			
1802.6	0.438			
873.06	0.358			
1295.34	0.384			
1853.12	0.447			
1290.46	0.413			
1466.25	0.446			
1361.3	0.379			
1114.53	0.455			
1472.44	0.372			
2076.74	0.382			
1456.73	0.394			
1696.92	0.464			
1600.19	0.364			
1325.43	0.391			
1666.3	0.402			
2072.19	0.413			
1300.02	0.353			
1656.04	0.411			
1822.74	0.409			
1883.02	0.404			
1140.21	0.395			
1533.02	0.406			
1862.37	0.387			
1556.18	0.392			
1732.38	0.393			
1737.19	0.379			
2194.87	0.465			
1703.62	0.446			
1750.81	0.393			
2188.5	0.424			
1765.61	0.388			
1824.01	0.477			
1733.75	0.368			
1631.45	0.495			
1029.95	0.469			
1783.86	0.352			
1878.6	0.432			
1427	0.365			
1180.12	0.452			
1473.87	0.416			
1232.17	0.417			
1468.65	0.443			
827.3	0.424			
1852.29	0.45			
2193.35	0.409			
1323.92	0.416			
1807.65	0.424			
2164.41	0.424			
1342.31	0.42			
1476.8	0.436			
1772.95	0.406			
1792.27	0.438			
1717.25	0.5			
1970.3	0.427			
1872.21	0.452			
1321.86	0.419			
1732.46	0.445			
1574.31	0.457			
1890.88	0.415			
1503.19	0.422			
1932.83	0.388			
1709.86	0.412			
1036.56	0.397			
1598.39	0.437			
1717.18	0.41			
1177.18	0.354			
2002.52	0.423			
1251.58	0.377			
1727.18	0.45			
1740.76	0.373			
1986.94	0.431			
1484.88	0.436			
1187.79	0.391			
1613.88	0.478			
1620.82	0.427			
2068.06	0.421			
1264.21	0.404			
1362.14	0.433			
1125.22	0.432			
1247.06	0.39			
1702.37	0.45			
1713.09	0.426			
1920.32	0.476			
1629.47	0.445			
1665.62	0.415			
1685.16	0.35			
1703.67	0.384			
1572.4	0.462			
1707.39	0.384			
1745.14	0.355			
1273.99	0.381			
1968.6	0.356			
1610.55	0.43			
1545.54	0.393			
1579.03	0.402			
1640.06	0.393			
1212.17	0.459			
1833.68	0.435			
944.9	0.419			
1830.91	0.49			
1666.99	0.388			
1537.57	0.434			
1284.21	0.409			
1712.94	0.383			
2053.22	0.394			
1435.63	0.373			
1103.05	0.432			
1510.77	0.49			
1643.86	0.436			
1808.47	0.46			
2040.14	0.408			
1737.01	0.416			
1758.95	0.4			
1283.58	0.413			
1903.78	0.439			
1491.1	0.441			
1902.19	0.426			
1438.72	0.374			
1475.74	0.424			
1847.67	0.352			
1702.49	0.432			
1530.77	0.431			
1583.31	0.484			
1724.21	0.399			
1019.49	0.441			
1374.31	0.398			
1794.9	0.411			
1443.74	0.377			
1638.43	0.398			
1664.06	0.461			
1730.86	0.372			
1604.58	0.388			
1640.08	0.427			
1384.12	0.441			
1336.89	0.376			
1803.07	0.435			
1538.74	0.388			
2068.62	0.422			
1515.46	0.357			
1500.02	0.4			
1377.52	0.368			
1497.1	0.403			
1686.36	0.378			
1732.66	0.401			
1594.99	0.417			
1693.01	0.401			
1706.75	0.388			
1535.35	0.408			
1442.71	0.445			
1351.59	0.393			
1660.26	0.349			
1794.46	0.375			
2053.84	0.415			
1547.04	0.472			
1375.84	0.454			
2052.91	0.438			
1408.7	0.439			
1617.74	0.376			
1374.54	0.44			
1414.12	0.408			
1942.42	0.448			
1500.96	0.422			
1634.45	0.4			
1580.57	0.417			
1538.39	0.465			
1696.74	0.417			
1449	0.382			
1469.06	0.432			
1319.95	0.465			
1785.66	0.421			
1700.31	0.425			
1964.91	0.401			
1080.66	0.39			
1353.06	0.425			
1133.95	0.421			
1624.35	0.442			
1555.12	0.372			
1217.82	0.414			
1406.9	0.419			
1605.51	0.4			
1554.92	0.421			
1613.36	0.438			
1546.39	0.399			
1908.23	0.395			
1411.91	0.431			
1817.54	0.407			
1851.89	0.372			
1625.58	0.411			
1581.24	0.399			
1317.58	0.373			
1352.35	0.377			
1361.35	0.427			
1650.71	0.412			
1935.54	0.391			
1834.3	0.353			
1417.11	0.416			
1455.69	0.386			
1227.89	0.442			
1292.18	0.426			
1981.12	0.416			
1601.76	0.498			
2378.04	0.392			
1470.15	0.446			
1646.02	0.43			
889.5	0.409			
1667.35	0.439			
1621.26	0.388			
1498.92	0.431			
1640.7	0.375			
1409.67	0.422			
1323.19	0.378			
1700.01	0.432			
1769.94	0.421			
1160.58	0.351			
2023.29	0.391			
1536.04	0.377			
1832.61	0.415			
2250.05	0.395			
1885.98	0.432			
1732.38	0.42			
1386.91	0.464			
1742.17	0.419			
1689.05	0.477			
1850.47	0.375			
1280.61	0.429			
1770.96	0.424			
1793.87	0.458			
1874.23	0.397			
1211.05	0.414			
1390.06	0.392			
1936.02	0.42			
1718.48	0.422			
1563.93	0.411			
967.9	0.398			
1933.21	0.462			
1881.66	0.476			
1575.09	0.436			
2062.96	0.39			
1035.49	0.489			
1512.74	0.433			
1226.78	0.436			
1386.76	0.425			
1545.52	0.39			
1786.7	0.447			
1897.22	0.407			
1430.75	0.401			
1434.02	0.393			
1579.09	0.404			
1551.39	0.504			
1212.1	0.346			
1642.59	0.399			
2013.54	0.431			
1500.87	0.307			
1444.85	0.4			
1547.54	0.459			
1646.5	0.431			
1128.1	0.335			
2002.88	0.392			
1944.75	0.492			
1259.84	0.385			
1654.25	0.408			
1477.83	0.456			
1843.38	0.441			
1820.69	0.402			
1670.06	0.467			
1768.87	0.39			
2064.45	0.399			
2109.35	0.403			
1551.78	0.435			
1437.43	0.388			
1536.57	0.405			
1432.85	0.416			
1565.18	0.362			
1552.84	0.379			
1596.1	0.389			
1749.78	0.417			
1327.03	0.401			
1305.66	0.411			
1666.56	0.418			
1620.02	0.436			
1542.55	0.429			
1709.82	0.403			
1672.51	0.391			
1683.99	0.425			
1099.94	0.416			
1348.73	0.422			
1605.26	0.393			
1612.71	0.398			
1513.41	0.425			
1811.45	0.423			
1436.18	0.428			
1832.21	0.371			
1601.5	0.379			
1497	0.373			
782.43	0.46			
1256.73	0.451			
1415.38	0.393			
1540.22	0.433			
1959.05	0.416			
1641.92	0.343			
1670.31	0.356			
2038.14	0.442			
1420.5	0.379			
2300.74	0.468			
1745.33	0.501			
1196.8	0.39			
1846.51	0.404			
2237.44	0.408			
1628.43	0.486			
1676.95	0.438			
1534.73	0.368			
1835.42	0.443			
1331.94	0.447			
2015.81	0.376			
1510.07	0.459			
1467.78	0.45			
2311.43	0.357			
1371.77	0.395			
1376.62	0.394			
1339.41	0.477			
1610.18	0.443			
1320.19	0.387			
1745.09	0.388			
838.26	0.361			
1461.38	0.372			
1414.38	0.398			
1189.83	0.368			
1868.36	0.456			
1885.53	0.411			
1583.3	0.4			
1370.56	0.458			
1263.34	0.358			
1962.97	0.425			
1942.78	0.385			
1573.67	0.397			
2185.58	0.37			
1589.88	0.408			
1960.74	0.446			
1937.04	0.439			
2159.76	0.453			
1836.69	0.447			
1886.23	0.442			
1853.28	0.413			
1561.88	0.395			
1950.95	0.415			
1528.93	0.413			
1743.1	0.422			
2109.73	0.392			
2235.44	0.389			
1790.66	0.428			
1707.96	0.436			
1204.35	0.473			
1678.77	0.402			
1687.26	0.497			
2042.89	0.415			
1427.89	0.415			
1921.71	0.44			
1247.65	0.445			
1740.01	0.382			
1388.92	0.425			
1875	0.404			
1145.54	0.405			
1773.13	0.41			
1762.37	0.374			
1617.06	0.418			
2227.96	0.452			
1845.06	0.407			
1279.04	0.326			
1821.7	0.388			
1365.1	0.414			
1822.3	0.41			
1314.14	0.399			
1831.34	0.393			
1373.51	0.426			
1959.18	0.425			
1624.5	0.409			
1644.23	0.456			
1907.7	0.357			
1911.46	0.449			
1927.58	0.434			
2056.5	0.406			
1509.6	0.417			
2057.75	0.377			
1534.94	0.362			
1287.26	0.423			
1621.46	0.386			
2056.64	0.419			
1732.21	0.419			
1425.58	0.394			
1464.92	0.396			
1556.09	0.452			
1655.21	0.496			
1085.03	0.367			
1369.26	0.408			
1862.44	0.473			
2008.72	0.457			
1925.11	0.371			
1978.38	0.383			
1584.93	0.378			
1576.83	0.448			
1215.64	0.412			
2126.46	0.41			
1227.49	0.497			
1680.68	0.415			
1341.43	0.402			
1473	0.372			
1414.64	0.443			
1164.55	0.379			
1787.08	0.413			
1600.37	0.388			
1691.49	0.416			
1822.72	0.455			
1752.02	0.379			
1635.28	0.413			
1593.5	0.371			
1987.58	0.419			
1700.43	0.379			
1839.06	0.436			
984.41	0.355			
1792.27	0.447			
2204.74	0.453			
1665.84	0.427			
1737.69	0.47			
1615.56	0.384			
1547	0.375			
1927.59	0.357			
1777.97	0.423			
1861.69	0.468			
1359.02	0.416			
1486	0.419			
1577.76	0.427			
1882.54	0.467			
1617.85	0.46			
1276.39	0.438			
1730.09	0.411			
2267.14	0.413			
1646.69	0.339			
1848.22	0.421			
1872.05	0.453			
1969.14	0.395			
1980.9	0.432			
1713.39	0.437			
2027.71	0.349			
1443.85	0.414			
1902.69	0.407			
1549.47	0.434			
2017.24	0.403			
1484.74	0.393			
1936.65	0.446			
1542.98	0.414			
1268.87	0.324			
1593.54	0.412			
1661.36	0.373			
1801.86	0.383			
2408.07	0.372			
1970.65	0.483			
1261.21	0.431			
1484.34	0.426			
1528.02	0.403			
1397.23	0.417			
1169.66	0.39			
1689.7	0.375			
1352.95	0.484			
1736.03	0.474			
1313.18	0.425			
1550.97	0.465			
1841.3	0.391			
1690.66	0.417			
1705.28	0.364			
1501.08	0.436			
1585.94	0.408			
1562.45	0.408			
1470.91	0.51			
1823.19	0.414			
1550.87	0.367			
1578.3	0.428			
1826.63	0.461			
1671.2	0.394			
1741.42	0.388			
1599.58	0.526			
1998.78	0.355			
1421.94	0.453			
1824.54	0.46			
1491.82	0.353			
1672.64	0.415			
2004.59	0.411			
1506.43	0.419			
1460.08	0.463			
1683.24	0.436			
1446.08	0.415			
1989.57	0.428			
1356.46	0.345			
1351.5	0.376			
1399.67	0.5			
1399.36	0.422			
1509.23	0.468			
1731.52	0.41			
1398.14	0.402			
1464.9	0.442			
1441.07	0.421			
1760.66	0.387			
1871.86	0.383			
1299.42	0.437			
1599.78	0.425			
1782.93	0.377			
1594.54	0.419			
1400.58	0.396			
1264.7	0.404			
1722.94	0.387			
1858.03	0.4			
1196.18	0.334			
2720.83	0.403			
1560.37	0.499			
1368.54	0.448			
1561.54	0.441			
1546	0.357			
1864.71	0.422			
1306.19	0.345			
1509.92	0.401			
1843.46	0.4			
2344.74	0.423			
1590.89	0.395			
1598.74	0.359			
2068.05	0.45			
1324.64	0.48			
1622.58	0.415			
1647.3	0.415			
1764.82	0.36			
1562.39	0.422			
1659.94	0.429			
1696.83	0.445			
1716.36	0.425			
1577.01	0.394			
1887.94	0.382			
1921.36	0.381			
1462.62	0.416			
1988.54	0.398			
1381.6	0.399			
1728.07	0.442			
1663.88	0.43			
1624.2	0.411			
1750.5	0.368			
1590.78	0.377			
1125.79	0.38			
1721.04	0.368			
1850.31	0.453			
1836.1	0.426			
1712.71	0.493			
1426.62	0.36			
2067.54	0.393			
1688.71	0.427			
864.24	0.416			
1658.25	0.444			
1397.38	0.35			
1733.55	0.483			
1409.35	0.401			
1885.44	0.453			
1095.33	0.405			
1836.44	0.412			
1352.92	0.413			
1316.52	0.401			
1218.61	0.466			
1326.34	0.387			
1615.7	0.373			
1597.7	0.425			
2024.73	0.361			
1833.14	0.378			
1705.84	0.409			
1543.83	0.428			
1268.12	0.4			
1326.94	0.493			
1544.85	0.371			
1403.58	0.402			
1874.92	0.401			
1717.04	0.409			
1951.06	0.441			
1394.97	0.444			
1646.39	0.494			
1669.37	0.486			
2199.73	0.399			
1022.96	0.467			
1531.89	0.482			
1964.11	0.394			
1825.85	0.409			
1621.71	0.387			
1586.19	0.373			
1080.19	0.333			
1488.33	0.456			
1002.79	0.353			
1905.87	0.375			
1867.44	0.408			
1246.84	0.399			
1664.43	0.426			
1800.77	0.379			
1713.9	0.49			
1441.63	0.41			
1461.58	0.362			
1700.2	0.443			
1617.18	0.391			
1548.02	0.413			
1305.9	0.357			
1102.26	0.393			
1421.78	0.44			
1455.95	0.4			
1779.08	0.429			
1480.28	0.398			
1043.63	0.473			
1593.14	0.402			
1727.2	0.382			
1524.98	0.403			
1404.7	0.423			
1585.13	0.387			
1847.9	0.41			
1751.03	0.39			
1837.39	0.458			
1756.66	0.415			
1551.4	0.387			
1845.35	0.408			
1780.38	0.433			
1964.46	0.437			
1392.75	0.444			
1492.78	0.367			
1360.26	0.395			
1296.69	0.454			
2048.18	0.45			
1758.93	0.395			
1600.49	0.408			
1816.3	0.393			
1613.46	0.429			
1794.23	0.395			
1634.2	0.422			
2071.52	0.432			
1209.86	0.408			
1921.18	0.425			
1302.42	0.421			
1601.13	0.482			
1427.71	0.409			
1441.46	0.414			
1528.9	0.463			
1593.95	0.41			
1683.33	0.449			
1012.28	0.44			
1577.6	0.408			
1710.11	0.382			
1800.31	0.33			
1825.23	0.437			
1406.04	0.399			
1700.29	0.422			
1528.46	0.454			
1355.47	0.425			
1682.38	0.424			
1250.51	0.38			
1456.99	0.439			
2097.62	0.378			
1812.29	0.428			
2269.56	0.391			
1418.72	0.417			
1271.44	0.436			
1440.57	0.367			
1332.13	0.406			
1292.48	0.427			
1667.45	0.402			
1875.02	0.408			
1766.42	0.369			
1464.03	0.485			
1742.45	0.367			
1885.89	0.438			
1402.29	0.37			
1370.01	0.386			
1750.96	0.359			
1191.51	0.47			
1468.58	0.451			
1643.51	0.439			
1804.5	0.398			
1962.01	0.408			
1504.11	0.351			
1221.98	0.38			
2072.02	0.426			
1607.81	0.43			
1909.5	0.402			
1486.22	0.409			
2069.4	0.453			
1139.64	0.477			
2038.57	0.41			
1719.98	0.408			
1281.96	0.405			
1347.58	0.434			
1348.23	0.404			
1630.31	0.432			
1781.32	0.512			
1822.62	0.379			
1873.92	0.465			
2253.82	0.42			
1859.13	0.392			
1754.83	0.421			
1492.93	0.388			
1677.61	0.395			
1682.62	0.424			
1507.98	0.421			
1832.47	0.378			
1136.32	0.393			
1827.02	0.422			
1532.87	0.442			
1627.72	0.427			
1803.14	0.4			
1356.46	0.378			
1914.53	0.456			
1898.06	0.388			
1698.09	0.388			
1328.25	0.422			
1072.17	0.466			
1516.02	0.491			
1655.61	0.377			
1305.34	0.35			
1820.1	0.412			
1626.61	0.409			
1425.96	0.398			
1645.97	0.419			
1328.3	0.406			
1357.82	0.375			
1401.24	0.414			
1856.36	0.397			
1241.06	0.363			
1871.79	0.387			
1866.01	0.373			
1318.14	0.4			
1510.82	0.376			
1763.16	0.415			
1353.87	0.428			
1575.06	0.402			
1732.98	0.346			
1549.56	0.394			
1342.74	0.412			
1368.08	0.429			
1726.83	0.457			
1478.17	0.445			
1703.9	0.4			
1945.15	0.452			
1878.58	0.474			
1784.16	0.435			
1217.75	0.468			
1830.52	0.394			
1445.04	0.365			
2010.79	0.372			
1460.05	0.391			
1989.65	0.394			
1046.94	0.394			
1824.95	0.452			
1780.1	0.407			
1755.42	0.446			
1667.44	0.481			
2063.38	0.432			
1324.7	0.453			
1783	0.42			
1873.13	0.381			
1643.55	0.459			
1725.32	0.361			
1892.18	0.491			
1678.46	0.391			
1466.14	0.383			
1803.69	0.411			
1516.08	0.445			
1295.34	0.407			
1971.33	0.365			
989.38	0.425			
1343.03	0.395			
2262.4	0.407			
1968.29	0.455			
1121.15	0.402			
1546.16	0.358			
1272.89	0.405			
1113.5	0.434			
1495.84	0.38			
1379.3	0.406			
1573.05	0.429			
1368.53	0.41			
1180.34	0.359			
1658.24	0.381			
1565.29	0.417			
1679.39	0.368			
1765.78	0.421			
1466.71	0.385			
2004.41	0.415			
1634.16	0.38			
1870.82	0.459			
1416.22	0.436			
2117.28	0.435			
1529.28	0.383			
1982.97	0.403			
1341	0.436			
1731.62	0.432			
1937.39	0.458			
1301.74	0.478			
1824.18	0.39			
1759.02	0.388			
1931.57	0.446			
1644.39	0.404			
1736.13	0.468			
1615.4	0.405			
2027.28	0.366			
1636.26	0.38			
2008.06	0.458			
1118.7	0.409			
2265.73	0.451			
1761.6	0.497			
1288.72	0.41			
1708.74	0.401			
1616.88	0.381			
1834.64	0.433			
1529.16	0.407			
1545.71	0.444			
1839.58	0.365			
1657.82	0.476			
1623.28	0.407			
1793.84	0.386			
1340.47	0.375			
2091.3	0.431			
1644.03	0.397			
1261.19	0.418			
1610.29	0.391			
1629.68	0.37			
1890.12	0.395			
1799.23	0.432			
1824.4	0.438			
1281.5	0.421			
1471.5	0.42			
1732.97	0.413			
2000.54	0.4			
1562.57	0.434			
1826.42	0.44			
1893.53	0.402			
1558.72	0.422			
1695.47	0.442			
1794.11	0.452			
1343.98	0.451			
1892.27	0.416			
1750.59	0.396			
1635.46	0.403			
1250.16	0.438			
1698.04	0.404			
1732.01	0.385			
1705.7	0.423			
1441.98	0.451			
1041.06	0.416			
1939.5	0.388			
1921.76	0.458			
1702.71	0.425			
1464.53	0.4			
1962.55	0.386			
2067.45	0.423			
1030.27	0.448			
1630.81	0.388			
1015.76	0.443			
1795.76	0.416			
1137.73	0.422			
1599.62	0.328			
1266.37	0.406			
1919.04	0.411			
1847.58	0.431			
1758.05	0.423			
1747.06	0.45			
1678.26	0.372			
1654.87	0.364			
1453.62	0.415			
1850.18	0.424			
1336.67	0.377			
1412.7	0.38			
1725.46	0.4			
1566.17	0.426			
1968.06	0.389			
1948.99	0.416			
2173.68	0.366			
1438.31	0.459			
1510.87	0.435			
1753.99	0.418			
1200.82	0.388			
1335.2	0.472			
1760.61	0.386			
2005.82	0.455			
1379.81	0.385			
1932.92	0.371			
1682.39	0.43			
1496.63	0.437			
1612.98	0.381			
1649.38	0.416			
1856.58	0.48			
1370.46	0.409			
1711.7	0.435			
2435.99	0.413			
2331.41	0.433			
2019.94	0.405			
1829.34	0.509			
1805.27	0.418			
1208.47	0.41			
1623.78	0.372			
1997.8	0.385			
1427.69	0.378			
1338.82	0.387			
1835.31	0.381			
1669.84	0.4			
1645.71	0.505			
1975.94	0.424			
1261.09	0.456			
2115.3	0.423			
1482.62	0.5			
1648.87	0.347			
1799.51	0.393			
1786.95	0.373			
1581.74	0.409			
1702.21	0.414			
1240.54	0.413			
1576.25	0.429			
1762.55	0.427			
1563.69	0.416			
1747.53	0.372			
1912.86	0.355			
1596.55	0.417			
1337.44	0.368			
1699.34	0.47			
1421.25	0.436			
1538.05	0.399			
1589.37	0.448			
2245.1	0.41			
1110.77	0.347			
1921.98	0.407			
1806.91	0.382			
1712.38	0.416			
1737	0.438			
1536.02	0.5			
1787.49	0.392			
1527.86	0.443			
1573.38	0.463			
1731.14	0.429			
1487.24	0.459			
1558.26	0.393			
1516.04	0.392			
1614.58	0.388			
1828.76	0.447			
1225.46	0.511			
1778.98	0.413			
1361.41	0.417			
1679.48	0.43			
1427.67	0.478			
2281.14	0.391			
1499.32	0.385			
1401.23	0.418			
1273.23	0.459			
1408.97	0.437			
1416.94	0.364			
1377.94	0.485			
1349.2	0.455			
1742.14	0.449			
1295.9	0.391			
1597.07	0.402			
1764.88	0.376			
1932.49	0.392			
1791.72	0.372			
1650.86	0.438			
1691.14	0.489			
1718.69	0.385			
1547.14	0.445			
1672.47	0.435			
1239.73	0.454			
1404.67	0.36			
1711.09	0.413			
1539.12	0.476			
1812.88	0.406			
1228.86	0.391			
1990.39	0.404			
1272.99	0.387			
1514.23	0.42			
2034.01	0.401			
1170.9	0.422			
1528.5	0.418			
1814.07	0.435			
1357.2	0.419			
1744.63	0.432			
1814.22	0.406			
1718.38	0.422			
1747.7	0.469			
1055.25	0.459			
1859.1	0.462			
1762.56	0.39			
1377.18	0.388			
1616.92	0.443			
1380.8	0.426			
1726.67	0.398			
1606.03	0.401			
1475.89	0.38			
1761.24	0.387			
1662.33	0.439			
1903.71	0.428			
1712.95	0.361			
1424.3	0.404			
1650.74	0.391			
1750.45	0.349			
1248.41	0.431			
1396.5	0.395			
2151.79	0.45			
1637.31	0.438			
1517.46	0.43			
962.43	0.391			
2088.52	0.373			
1459.19	0.431			
1863.09	0.363			
726.07	0.398			
1350.84	0.403			
1755.09	0.374			
1682.47	0.414			
1200.02	0.386			
2086.82	0.392			
1727.47	0.371			
1463.24	0.385			
1250.53	0.44			
1552.31	0.407			
1097.23	0.426			
1884.7	0.442			
1867.08	0.39			
1073.27	0.357			
1501.18	0.388			
1535.49	0.407			
1378.54	0.431			
845.58	0.385			
1514.81	0.488			
1636.06	0.409			
1642.03	0.366			
1466.02	0.415			
1755.63	0.39			
1766.02	0.369			
1826.08	0.378			
898.86	0.489			
1559.28	0.424			
1632.39	0.442			
1553.02	0.435			
1533.46	0.427			
1542.34	0.4			
1902.82	0.41			
1403.29	0.383			
1631.94	0.399			
1273.17	0.351			
1322.1	0.407			
1748.38	0.429			
1505.52	0.437			
1795.91	0.416			
1875.44	0.405			
1787.15	0.449			
1343.17	0.472			
1682.44	0.435			
1887.42	0.404			
1726.46	0.478			
1602.96	0.438			
1583.02	0.458			
1640.86	0.434			
2226.03	0.374			
2275.59	0.45			
1941.54	0.371			
1763.83	0.449			
2318.02	0.39			
1674.42	0.389			
1809.78	0.387			
1036.3	0.417			
1443.51	0.444			
1537.57	0.39			
1493.75	0.417			
1402.06	0.394			
1463.01	0.404			
2023	0.402			
1875.14	0.385			
1910.15	0.444			
1833.18	0.43			
1852.14	0.416			
1659.38	0.37			
2016.54	0.357			
2311.31	0.428			
1726.92	0.402			
1245.19	0.436			
1737.79	0.404			
1310.69	0.445			
1531.78	0.419			
1404.83	0.44			
2165.61	0.408			
1236.06	0.455			
2107.73	0.524			
1414.82	0.406			
1277.13	0.415			
1850.33	0.35			
1388.48	0.409			
1416.95	0.406			
1391.15	0.416			
1432.26	0.383			
1441.29	0.394			
1525.22	0.363			
1678.06	0.36			
1479.86	0.394			
1881.83	0.41			
1468.18	0.403			
1288.23	0.406			
1961.95	0.45			
925.69	0.41			
1286.46	0.44			
1275.62	0.374			
1121.83	0.403			
1806.41	0.435			
1621.34	0.41			
1748.7	0.466			
1219.96	0.51			
1629.75	0.356			
1380.36	0.357			
1616.53	0.408			
1894.18	0.384			
1261.25	0.404			
1931.54	0.418			
1769.8	0.463			
1696.58	0.381			
1925.68	0.417			
1510.61	0.395			
1794.43	0.417			
2041.88	0.419			
1352.43	0.427			
1510.42	0.4			
1870.05	0.361			
1589.9	0.486			
1621.9	0.378			
1308.76	0.464			
1326.42	0.471			
1519.03	0.425			
1467.42	0.444			
1535.78	0.433			
1632.67	0.371			
2316.07	0.429			
1909.09	0.421			
1909.54	0.401			
1573.04	0.426			
1435.28	0.42			
1750.4	0.395			
1807.17	0.38			
1817.12	0.444			
1784.2	0.421			
1536.56	0.486			
1269.39	0.405			
1581.6	0.394			
2016.19	0.425			
1668.1	0.436			
1229.46	0.468			
1414.09	0.427			
1670.38	0.403			
2329.86	0.392			
1512.82	0.419			
1793.59	0.429			
1510.79	0.395			
1964.42	0.437			
939.28	0.403			
1774.74	0.424			
1708.42	0.392			
1823.59	0.427			
1326.03	0.442			
1739.34	0.418			
1785.97	0.488			
1327.9	0.415			
1272.45	0.386			
1792.27	0.42			
1687.74	0.412			
1555.14	0.424			
1173.89	0.455			
1514.16	0.454			
1820.78	0.444			
1270.82	0.407			
1460.86	0.439			
1725.23	0.424			
1657.9	0.456			
1237.66	0.413			
1555.5	0.457			
1535.68	0.466			
1273.71	0.371			
1191.19	0.401			
1514.72	0.364			
1316.52	0.383			
2017.95	0.361			
1487.55	0.4			
1381.42	0.379			
1541.3	0.431			
1635.34	0.434			
1484.63	0.428			
1699.82	0.457			
1436.06	0.401			
2184.54	0.371			
1439.35	0.388			
2049.36	0.351			
1446.21	0.398			
1400	0.436			
1472.82	0.416			
1656.77	0.378			
2119.69	0.401			
1181.7	0.425			
1589.93	0.39			
1368.68	0.421			
2107.23	0.389			
1779.65	0.396			
1952.28	0.378			
1824.62	0.412			
1376.34	0.44			
1762.5	0.402			
1501.08	0.377			
1547.52	0.37			
2080.42	0.412			
1667.2	0.426			
1884.26	0.388			
2132.78	0.392			
1565.02	0.374			
1888.59	0.426			
1953.41	0.455			
1277.82	0.383			
1737.18	0.43			
1855.24	0.356			
1383.44	0.374			
1717.45	0.366			
1255.43	0.429			
1698.66	0.47			
1753.34	0.425			
1374.65	0.429			
1097.35	0.413			
1488.97	0.392			
2082.06	0.44			
1510.47	0.412			
1267.18	0.447			
1355.69	0.395			
1648.47	0.356			
1867.54	0.435			
1199.62	0.428			
1529.11	0.393			
1483.68	0.369			
1740.12	0.384			
1688.84	0.39			
1436.32	0.375			
1301.11	0.407			
1787.75	0.431			
1700.8	0.373			
1457.35	0.424			
1804.6	0.414			
1264.75	0.452			
1263.17	0.506			
1471.2	0.43			
1596.48	0.42			
1945.07	0.428			
1754.85	0.437			
1921.85	0.436			
1750.58	0.378			
1691.63	0.403			
1630.1	0.464			
1616.53	0.35			
1448.93	0.413			
1886.63	0.495			
1961.15	0.416			
1802.52	0.419			
1660.56	0.433			
1672.74	0.398			
1676.32	0.41			
1662.5	0.403			
1596.01	0.366			
1127.94	0.348			
1643.19	0.369			
1542.16	0.398			
1639.03	0.432			
1857.18	0.405			
1784.5	0.416			
1556.5	0.435			
1423.22	0.385			
1664.26	0.404			
1909.25	0.455			
2092.68	0.401			
1455.18	0.387			
2169.14	0.408			
1502.81	0.426			
1772.52	0.356			
1679	0.431			
1537.74	0.393			
1742.43	0.477			
1695.96	0.384			
1797.72	0.44			
1228.86	0.335			
1772.17	0.379			
1346.91	0.407			
1913.43	0.405			
1770.98	0.404			
1924.37	0.411			
1814.73	0.405			
1936.02	0.408			
1927.57	0.435			
2038.21	0.413			
1633.24	0.412			
1793.7	0.408			
1728.49	0.409			
1355.18	0.416			
2165.09	0.394			
1717.87	0.438			
1612.86	0.419			
1343.73	0.41			
1820.78	0.405			
2241.89	0.402			
2177.1	0.392			
963.96	0.429			
2036.07	0.452			
1226.88	0.367			
1630.17	0.467			
1553.95	0.404			
1433.63	0.434			
2006.1	0.413			
1957.5	0.418			
1284.17	0.437			
1382.76	0.431			
1028.33	0.402			
1015.47	0.37			
2205.78	0.377			
1691.85	0.478			
2247.02	0.378			
1579.22	0.416			
1896.23	0.368			
1734.59	0.421			
2031.35	0.358			
1509.62	0.422			
1291.22	0.375			
1938.46	0.452			
1346.6	0.417			
2165.05	0.365			
1585.98	0.346			
1680.56	0.435			
2074.34	0.335			
1779.44	0.471			
1929.13	0.437			
1366.98	0.405			
1395.51	0.436			
1700.65	0.426			
1761.47	0.393			
1476.11	0.45			
1102.31	0.384			
2108.58	0.428			
2022.89	0.356			
2453.58	0.416			
2066.76	0.44			
954.13	0.395			
1795.33	0.441			
1354.1	0.386			
1717.85	0.429			
1495.18	0.443			
1765.04	0.423			
1368.93	0.373			
1656.04	0.419			
1388.49	0.448			
1408.24	0.349			
1716.98	0.43			
2014.25	0.42			
1861.59	0.38			
1273.71	0.399			
2367.66	0.443			
1670.87	0.348			
1923.53	0.413			
1669.1	0.446			
842.56	0.431			
1641.38	0.433			
1365.15	0.366			
1820.9	0.405			
1608.49	0.418			
1549.76	0.442			
2059.74	0.457			
1635.37	0.417			
1703.36	0.359			
1395.04	0.426			
1472.69	0.381			
1492.02	0.461			
1562.75	0.512			
1693.34	0.432			
1723.63	0.406			
1386.61	0.394			
1935.19	0.394			
1727.75	0.384			
1860.74	0.403			
1779.51	0.446			
1216.58	0.377			
1818.96	0.416			
1959.57	0.413			
1921.34	0.392			
1255.16	0.364			
1611.84	0.412			
2198.7	0.398			
1739.32	0.342			
1354.46	0.379			
1752.78	0.385			
1418.89	0.441			
1519.93	0.444			
1486.28	0.397			
1932.22	0.362			
2009.64	0.384			
1534.66	0.402			
1960.35	0.449			
1815.76	0.446			
1474.31	0.406			
1236.27	0.397			
1576.49	0.396			
1605.06	0.468			
1770.41	0.41			
1802.45	0.452			
1504.25	0.387			
1462.37	0.405			
1525.45	0.44			
1601.67	0.403			
1584.47	0.4			
1762.83	0.427			
2220.9	0.385			
1713.5	0.494			
1648.41	0.404			
1807.25	0.446			
1281.9	0.393			
2321.46	0.42			
1867.93	0.382			
1963.54	0.481			
1157.63	0.431			
1806.96	0.42			
1717.59	0.383			
1871.33	0.438			
1522.57	0.431			
2055.91	0.42			
1054.31	0.431			
1623.41	0.386			
1995.56	0.433			
2038.58	0.398			
1839.48	0.441			
1309.59	0.404			
1642.18	0.369			
1547.69	0.459			
2101.04	0.452			
1665.69	0.416			
1571.79	0.422			
1564.29	0.364			
1835.26	0.426			
1651.74	0.407			
1799.65	0.456			
1464.79	0.435			
913.96	0.406			
1744.05	0.368			
2134.93	0.504			
1335.74	0.428			
1384.29	0.344			
1842.98	0.431			
1410.79	0.463			
1663.46	0.432			
1867.3	0.473			
2059.38	0.434			
1780.22	0.441			
1639.78	0.406			
1315.14	0.415			
1742.05	0.369			
1526.82	0.4			
1680.51	0.427			
1974.78	0.43			
2002.89	0.398			
1297.91	0.469			
1716.76	0.397			
1736.12	0.4			
1829.44	0.456			
1645.83	0.393			
1757.25	0.45			
1521.46	0.396			
1712.05	0.358			
1564.94	0.441			
901.41	0.453			
1919.41	0.351			
1226.78	0.417			
1982.08	0.394			
1502.46	0.401			
1595	0.406			
1462.67	0.349			
2296.01	0.389			
1110.72	0.382			
1943.98	0.39			
1445.58	0.393			
1291.32	0.418			
2353.58	0.471			
1483.16	0.38			
1359.45	0.361			
1529.54	0.417			
1801.83	0.394			
2066.46	0.4			
988.86	0.433			
1882.6	0.41			
2138.13	0.408			
1691.45	0.441			
1537.02	0.37			
1660.64	0.437			
1101.41	0.417			
1291.81	0.479			
1799.25	0.472			
1798.62	0.41			
1588.03	0.467			
1882.65	0.444			
1701.3	0.398			
1044.27	0.481			
1241.13	0.384			
1836.49	0.388			
1817.92	0.417			
1528.86	0.381			
1616.46	0.387			
1324.02	0.38			
1511.3	0.452			
1776.39	0.375			
1456.46	0.424			
1579.43	0.396			
1684.27	0.437			
1602.65	0.367			
1588.29	0.433			
1817.29	0.428			
1563.79	0.431			
1407.34	0.363			
1587.48	0.451			
1893.25	0.356			
972.66	0.423			
1653.18	0.383			
1470.64	0.411			
974.8	0.336			
1452.74	0.404			
2123.75	0.485			
1265.52	0.417			
921.8	0.456			
1940.2	0.404			
1572.66	0.414			
1577.17	0.429			
1180.23	0.394			
1535.84	0.359			
1230.7	0.37			
2190.34	0.473			
1945.75	0.427			
1582.57	0.456			
1832.98	0.489			
1476.02	0.402			
1031.96	0.342			
1982.61	0.42			
1704.56	0.446			
1795.14	0.429			
1256.54	0.411			
1077.26	0.347			
1585.79	0.423			
1674.02	0.409			
1754.66	0.443			
1382.5	0.368			
1519.54	0.394			
1579	0.442			
1809.54	0.378			
1762.48	0.405			
1837.19	0.369			
1772.98	0.389			
2065.48	0.36			
1170.98	0.425			
1552.23	0.478			
1691.78	0.509			
1889.95	0.441			
1513.46	0.368			
1430.43	0.406			
1282.41	0.404			
1493.38	0.414			
1844.53	0.44			
1135.06	0.416			
1498.81	0.461			
1834.98	0.435			
1692.65	0.394			
1933.08	0.415			
1329.13	0.347			
1136.27	0.359			
2034.73	0.48			
1559.75	0.427			
1292.61	0.434			
1337.51	0.4			
1860.26	0.402			
1994.47	0.385			
1299.17	0.395			
1694.1	0.448			
1056.73	0.403			
1764.72	0.404			
1761.83	0.429			
1607.58	0.423			
1894.6	0.423			
1655.59	0.443			
1407.03	0.478			
1280.23	0.386			
1481.17	0.4			
1557.35	0.423			
1388.46	0.453			
1749.46	0.412			
1581.75	0.469			
1487.5	0.417			
1641	0.395			
1464.74	0.324			
1313	0.435			
1346.3	0.344			
1581.08	0.378			
1630.7	0.383			
1665.7	0.387			
1694.38	0.473			
1753.28	0.38			
1972.65	0.399			
2109.99	0.428			
1850.32	0.363			
1684.82	0.48			
1150.28	0.408			
1493.61	0.399			
1516.78	0.402			
1389.29	0.406			
1948.6	0.412			
1524.61	0.463			
1450.18	0.423			
1364.79	0.477			
1922	0.327			
992.38	0.428			
1834.42	0.368			
1421.23	0.449			
1424.93	0.439			
1598.19	0.43			
1549.96	0.448			
1512.53	0.434			
1709.69	0.374			
1433.03	0.405			
1609.03	0.41			
1665.67	0.388			
1270.78	0.372			
864.12	0.427			
1014.55	0.418			
2134.89	0.417			
1347.86	0.457			
1356.39	0.443			
2046.94	0.445			
1473.45	0.487			
1934.92	0.424			
2075.65	0.489			
1695.13	0.412			
1426.66	0.406			
1655.09	0.425			
1611.64	0.387			
2051.06	0.431			
1389.57	0.422			
1620.2	0.429			
1799.31	0.408			
1457.3	0.409			
1300.74	0.461			
1482.71	0.408			
1351.37	0.455			
1474.64	0.377			
1747.4	0.443			
1333.4	0.467			
1648.54	0.465			
1716.94	0.421			
1467.96	0.431			
1545.54	0.411			
1308.28	0.434			
1478.66	0.328			
1918.17	0.45			
1752.57	0.402			
1972.04	0.4			
1274.3	0.413			
1334.74	0.432			
1908.37	0.45			
1694.85	0.437			
1800.18	0.381			
1635.47	0.424			
1888.3	0.431			
1320.1	0.384			
1612.42	0.445			
2239.46	0.384			
1308.02	0.407			
1596.01	0.499			
1115.23	0.414			
1651.23	0.377			
1916.78	0.479			
1664.03	0.392			
1663.38	0.419			
1010.42	0.4			
1525.62	0.457			
1737.56	0.417			
1294.86	0.397			
1511.68	0.403			
1237.74	0.413			
2207.8	0.457			
2036.36	0.487			
1451.46	0.371			
1609.05	0.384			
1850.79	0.477			
1907.2	0.427			
1538.3	0.42			
2142.54	0.387			
2018.94	0.409			
1650.99	0.386			
1550.67	0.442			
2001.58	0.377			
1675.64	0.379			
1611.64	0.391			
1134.26	0.381			
1617.46	0.421			
1544.51	0.446			
1269.77	0.424			
1655.1	0.397			
1440.1	0.36			
1157.86	0.412			
1600.76	0.39			
1572.26	0.413			
1415.04	0.382			
1410.22	0.444			
1412.27	0.395			
1742.34	0.38			
1760.79	0.388			
1501.44	0.338			
1517.22	0.431			
1927.43	0.399			
1815.82	0.46			
1670.46	0.433			
2010.26	0.407			
2128.86	0.405			
1284.34	0.444			
1255.18	0.369			
1460.01	0.431			
1496.1	0.399			
1390.62	0.377			
2127.63	0.348			
1941.73	0.408			
1540.02	0.417			
1336.3	0.425			
1351.91	0.344			
1558	0.442			
1635.97	0.419			
1756.84	0.36			
1549.08	0.399			
1782.91	0.447			
1743.55	0.42			
1303.7	0.438			
1509.77	0.374			
1580.48	0.432			
1536.9	0.416			
1351.9	0.429			
1084.57	0.422			
1706.35	0.392			
1320.64	0.39			
1563.11	0.451			
2072.85	0.382			
1650.84	0.426			
1717.15	0.403			
1512.46	0.444			
1727.55	0.426			
1496.79	0.404			
1531.86	0.403			
1719.78	0.424			
1411.08	0.351			
1721.25	0.386			
1479.94	0.496			
1891.29	0.36			
1024.3	0.409			
2296.3	0.409			
1583.74	0.377			
1636.7	0.434			
1984.98	0.424			
1605.98	0.445			
2268.02	0.407			
2098.59	0.441			
1857.24	0.451			
1035.46	0.367			
1749.99	0.474			
1886.01	0.376			
1292.6	0.461			
1538.22	0.372			
1223.75	0.371			
1182.11	0.411			
1867.26	0.39			
1640.37	0.441			
1676.7	0.357			
1447.42	0.417			
1778.71	0.437			
1659.24	0.38			
1692.26	0.443			
1500.56	0.417			
1773.8	0.438			
1449.63	0.451			
2013.45	0.488			
1795.39	0.397			
1444.88	0.437			
2110.83	0.453			
1858.19	0.406			
1979.34	0.413			
1976.02	0.407			
1308.72	0.466			
1455.49	0.473			
1679.72	0.419			
1508.22	0.376			
1866.82	0.465			
1837.09	0.392			
1506.34	0.45			
1576.78	0.384			
1374.8	0.412			
1612.69	0.443			
2059.08	0.378			
2077.5	0.376			
1597.51	0.451			
1883.1	0.473			
1299.65	0.427			
1367.38	0.441			
1722.31	0.433			
1234.97	0.483			
1646.16	0.349			
1883.82	0.442			
1621.7	0.445			
2275.39	0.451			
1695.62	0.381			
1590.66	0.474			
1760.82	0.436			
1374.77	0.5			
1774.58	0.428			
1489.72	0.418			
1745.98	0.41			
1956.48	0.446			
1502.37	0.386			
1426.44	0.416			
1177.44	0.371			
1698.39	0.391			
2043.38	0.429			
1441.95	0.482			
1533.38	0.375			
1307.78	0.427			
1887.59	0.392			
1898.53	0.515			
1488.7	0.439			
1369.36	0.5			
1704.62	0.405			
1535.06	0.392			
1432.48	0.389			
1671	0.43			
1621.41	0.409			
1757.86	0.404			
1175.26	0.39			
1619.08	0.395			
2311.85	0.411			
1940.34	0.378			
1872.35	0.449			
1591.29	0.398			
1747.38	0.404			
1642.86	0.469			
1156.56	0.36			
1532.11	0.422			
1666.53	0.412			
1256.77	0.458			
1816.76	0.395			
1577.09	0.439			
1406.78	0.39			
1598.75	0.432			
1141.29	0.384			
1532.93	0.409			
1603.22	0.431			
1367.65	0.411			
1376.86	0.392			
1578.02	0.384			
1789.96	0.429			
1687.5	0.432			
1229.55	0.406			
1508.2	0.39			
1331.11	0.406			
1725.87	0.363			
1702.55	0.385			
2173.45	0.39			
1443.13	0.39			
1517.74	0.416			
1707.76	0.409			
1704.86	0.4			
1714.02	0.426			
1906.01	0.383			
981.31	0.444			
1681.4	0.385			
1238.02	0.356			
1809.65	0.484			
1727.6	0.414			
1604.05	0.379			
911.34	0.358			
1735.83	0.402			
1804.84	0.356			
1733.82	0.464			
1922.98	0.4			
1595.96	0.445			
1408.2	0.406			
1757.68	0.424			
1528.65	0.455			
1517.65	0.452			
1451.3	0.456			
1677.41	0.399			
1858.23	0.4			
1998.8	0.397			
883.58	0.411			
1861.18	0.393			
1776.23	0.376			
1314.7	0.417			
1591.65	0.443			
1684.06	0.428			
1735.7	0.355			
1638.42	0.431			
1840.47	0.465			
1714.75	0.408			
1912.71	0.386			
1337.32	0.423			
1490.21	0.379			
1579.44	0.428			
1543.54	0.387			
992.33	0.399			
2074.64	0.398			
1510.82	0.424			
1240.85	0.379			
1743.19	0.443			
1556.8	0.481			
1257.89	0.396			
1694.56	0.39			
1593.26	0.412			
1790.35	0.396			
1669.78	0.367			
1694.94	0.512			
1835.09	0.346			
1536.21	0.404			
1837.9	0.41			
1869.07	0.415			
1481.24	0.418			
1809.67	0.452			
1389.23	0.421			
1461.78	0.411			
1856.5	0.444			
1789.89	0.366			
1992.24	0.417			
1307.66	0.406			
1918.81	0.449			
1946.88	0.362			
1078.84	0.469			
2063.56	0.418			
1778.03	0.421			
1682.34	0.403			
1622.96	0.346			
1254.99	0.379			
1509.52	0.453			
1456.79	0.408			
2103.67	0.422			
1618.09	0.393			
1632.62	0.39			
1219.79	0.417			
1640	0.411			
1402.8	0.398			
1517.5	0.381			
1720.62	0.414			
1550.5	0.439			
1580.98	0.436			
1747.65	0.442			
2016.16	0.392			
2090.35	0.468			
1383.27	0.419			
1641.65	0.389			
1599.75	0.405			
2220.89	0.399			
1613.32	0.375			
2041.39	0.442			
1430.25	0.378			
1674.48	0.42			
1471.07	0.377			
1853.23	0.403			
1080.42	0.407			
1350.64	0.468			
1476.42	0.39			
1546.54	0.462			
1456.18	0.456			
1351.49	0.43			
1586.96	0.394			
2090.9	0.386			
1645.82	0.366			
1929.07	0.444			
1823.11	0.452			
1379.94	0.432			
1452.26	0.42			
2008.65	0.444			
1848.9	0.436			
1461.33	0.399			
1679.65	0.386			
1575.91	0.388			
1413.13	0.38			
1355.17	0.427			
1689.88	0.347			
1201.42	0.396			
1355.03	0.376			
1567.75	0.408			
1689.15	0.414			
1464.07	0.337			
1552.65	0.451			
2057.2	0.464			
1841.3	0.409			
1795.82	0.419			
1349.02	0.462			
1081.72	0.429			
1448.77	0.385			
1365.86	0.476			
1685.78	0.459			
1664.26	0.409			
1358.98	0.485			
1315.47	0.382			
1244.67	0.407			
1206.9	0.431			
1470.35	0.352			
1256.64	0.475			
1519.06	0.486			
1160.36	0.387			
1579.94	0.414			
1701.79	0.419			
1723.88	0.404			
1798.92	0.358			
1247.38	0.383			
1297.6	0.401			
1687.94	0.396			
2004.49	0.428			
1681.76	0.435			
1521.94	0.454			
1433.19	0.332			
1906.06	0.454			
2281.49	0.376			
1382.19	0.435			
1494.94	0.359			
1413.61	0.414			
1775.42	0.439			
1860.03	0.398			
1153.17	0.396			
1289.21	0.451			
1792.67	0.384			
2037.14	0.412			
1746.91	0.394			
1574.82	0.401			
1875.26	0.382			
1639.37	0.383			
1642.9	0.422			
1351.14	0.425			
1599.82	0.403			
1863.74	0.408			
1979.92	0.432			
1460.92	0.415			
1790.03	0.444			
1574.87	0.4			
1417.49	0.448			
1633.07	0.426			
1718.9	0.404			
1768.86	0.465			
1623.34	0.392			
1800.27	0.396			
1533.78	0.446			
2252.37	0.423			
1138.11	0.43			
1411.95	0.416			
1437.51	0.404			
1494.53	0.368			
1962.16	0.394			
1805.92	0.474			
1644.77	0.435			
1789.9	0.431			
1596.95	0.377			
1921.78	0.407			
1031.51	0.418			
1485.76	0.41			
1298.68	0.465			
1925.72	0.395			
1810.41	0.46			
1740.71	0.445			
1858.66	0.418			
1510.58	0.372			
1293.25	0.432			
1922.96	0.431			
1610.52	0.394			
1521.86	0.45			
1530.38	0.372			
1853.43	0.456			
1672.28	0.376			
1197.29	0.39			
1414.91	0.442			
1764.35	0.409			
1544.14	0.393			
1712.26	0.444			
1398.46	0.422			
1759.77	0.457			
1146.97	0.441			
1679.74	0.424			
1678.23	0.37			
1397.35	0.337			
1687.63	0.396			
1914.01	0.321			
1255.14	0.42			
1579.15	0.383			
2042.31	0.455			
1523.44	0.391			
1484.1	0.448			
1842.59	0.376			
1977.78	0.399			
1623.94	0.442			
1794.65	0.455			
1209.02	0.421			
1439.02	0.372			
1629.7	0.436			
1731.4	0.407			
1458.14	0.401			
1501.86	0.475			
1600.72	0.368			
1653.79	0.409			
1576.79	0.396			
1584.7	0.499			
1883.32	0.415			
2111.06	0.477			
1726.21	0.452			
1456.55	0.363			
1449.09	0.428			
1844.94	0.422			
1471.11	0.385			
1357.22	0.379			
1735.09	0.423			
1584.14	0.345			
1595.55	0.417			
1506.22	0.444			
1322.81	0.45			
1472.82	0.4			
2113.58	0.399			
1507.71	0.412			
1661.26	0.441			
1729.76	0.339			
1555.94	0.453			
1874.28	0.384			
1071.66	0.482			
1679.6	0.415			
1569.8	0.412			
1148.67	0.425			
1543.47	0.446			
1431.74	0.433			
1099.89	0.376			
1187.95	0.37			
1934.88	0.411			
1254.64	0.414			
1507.78	0.379			
1940.33	0.415			
1989.22	0.418			
1434.16	0.423			
1935.47	0.444			
1542.53	0.421			
1336.83	0.442			
1454.3	0.463			
1683.69	0.409			
1690.58	0.472			
1807.74	0.422			
1885.5	0.443			
1303.1	0.445			
1418.11	0.434			
1811.65	0.453			
1856.35	0.374			
956.82	0.41			
2112.18	0.411			
1171.83	0.367			
1650.62	0.44			
1343.95	0.416			
2011.5	0.386			
2313.93	0.369			
1374.58	0.425			
1676.09	0.438			
1594.74	0.424			
1656.83	0.402			
1518.02	0.484			
1356.2	0.372			
1895.98	0.417			
1756.66	0.399			
1648.63	0.418			
2137.87	0.379			
1772.86	0.467			
1543.71	0.336			
2079.42	0.413			
1775.7	0.337			
1978.25	0.407			
1739.87	0.428			
1896.98	0.382			
1704.46	0.423			
1540.61	0.456			
1574.55	0.388			
1915.29	0.467			
1493.27	0.421			
1429.07	0.442			
1234.53	0.397			
1182.99	0.359			
1517.5	0.394			
1677.81	0.404			
1551.38	0.396			
1579.95	0.357			
1755.35	0.405			
1758.01	0.381			
1466.07	0.409			
1231.61	0.461			
1161.24	0.418			
1603.02	0.41			
1911.45	0.451			
1429.83	0.402			
1485.22	0.394			
1293.16	0.398			
1704.92	0.376			
1803.22	0.415			
1342.98	0.367			
1547.87	0.383			
1365.22	0.415			
1614.26	0.363			
2339.62	0.459			
1304.82	0.45			
1538.9	0.51			
2135.73	0.422			
1320.71	0.426			
2051.6	0.463			
1526.68	0.45			
1736.13	0.391			
1286.33	0.438			
1568.98	0.489			
1357.04	0.445			
2050.97	0.433			
1381.74	0.341			
1303.05	0.434			
2127.7	0.35			
1414.86	0.443			
1519.9	0.455			
930.89	0.438			
1436.44				
1088.64				
1130.87				
1541.44				
1987.2				
1365.72				
1312.84				
1422.26				
1413.4				
1954.21				
1983.29				
1773.93				
1528.28				
1125.46				
2028.11				
1959.53				
1419.8				
1481.43				
1602.94				
1753.6				
1922.8				
1870.18				
1950.38				
1603.77				
1599.28				
1462.67				
1767.38				
1297.67				
1617.2				
1146.8				
1618.42				
1080.92				
1176.67				
1770.07				
1506.73				
1888.91				
1414.17				
1507.93				
1747.55				
1261.62				
1711.28				
1650.99				
1053.23				
1769.65				
1784.61				
1533.33				
1710.42				
1720.16				
1534.68				
1428.23				
1574.31				
1479.83				
1469.23				
1681.94				
1964.56				
1624.87				
1945.7				
1601.34				
2148.86				
1636.31				
1708.5				
1600.1				
1445.71				
1441.16				
1635.17				
1291.02				
1693.79				
1585.76				
1634.27				
1883.95				
1961.23				
1546.19				
1599.38				
1683.97				
1694.27				
1929.02				
1508.22				
1377.61				
1737.22				
1960.54				
2052.74				
1816.57				
840.46				
2082.44				
1486.57				
1598.02				
1282.93				
1855				
1693.26				
1622.67				
1515.54				
1516.05				
1635.23				
1729.76				
1807.97				
1720.62				
1533.44				
1996.61				
1417.12				
1622.74				
1498.89				
1550.66				
1599.02				
1598.83				
2177.4				
1636.44				
1791.25				
1852.72				
1900.85				
2041.18				
1667.37				
1678.45				
2027.95				
1206.47				
1737.64				
1779.44				
1898.1				
1416.13				
1749.55				
1778.22				
1693.7				
1397.66				
1532.88				
1254.42				
1514.94				
1406.58				
1561.82				
1880.47				
1686.73				
2083.53				
1728.7				
1666.91				
1884.59				
1506.34				
1903.43				
1777.02				
1600.57				
1924.66				
2031.22				
1198.95				
1279.64				
1566.86				
1720.78				
1711.39				
2046.28				
1607.93				
2203.55				
1919.38				
1364.74				
1602.66				
1117.25				
1615.74				
1907.11				
1678.26				
1786.63				
1163.38				
1863.97				
1895.49				
1811.9				
1418.2				
1343.88				
1771.27				
1557.55				
1641.66				
1981.62				
1948.02				
1202.38				
1483.09				
1516.5				
1643.42				
1889.16				
1596.35				
1681.6				
1516.21				
1874.87				
1995.59				
1798.85				
1404.78				
1478.49				
2250.1				
1404.46				
1955.02				
1211.9				
1563.14				
1498.9				
1841.02				
1590.07				
1662.37				
1805.25				
1541.34				
1989.82				
1676.67				
1640.7				
1556.31				
1435.04				
1756.34				
1865.26				
1543.08				
1735.06				
2163.86				
1593.89				
1579.26				
1508.18				
1356.68				
1781.74				
1725.31				
1805.83				
1788.92				
1708				
1828.05				
1733.5				
1662.42				
1413.32				
1432.09				
1301.39				
1808.2				
1800.02				
1799.25				
1495.27				
1883.74				
1929.45				
1488.14				
1617.4				
1316.35				
1864.02				
1833.17				
1096.28				
830.82				
1870.29				
1537.26				
1395.19				
1665.67				
1441.52				
1776.74				
993.85				
1682.66				
1650.21				
1631.08				
1075.66				
1512.98				
1702.21				
1408.48				
1551.04				
1502.98				
1214.02				
2216.26				
1427.39				
1324.1				
1261.66				
1751.9				
1362.27				
1727.92				
1981.74				
1606.18				
1940.59				
999.77				
1274.38				
1218.66				
1632.28				
1355.03				
1201.86				
1684.24				
1802.82				
1843.56				
1159.85				
1345.48				
1915.14				
1970.54				
2118.53				
1394.13				
1914.48				
1821.9				
1573.47				
2045.38				
1492.37				
1573.2				
1879.29				
1200.95				
1416.71				
2313.6				
1661.64				
1681.6				
1631.9				
1453.13				
1354.66				
1587.62				
1418.31				
1580.82				
1618.31				
1168.56				
1421.47				
1213.71				
1887.71				
1092.34				
1404.88				
1397.04				
1524.36				
1176.84				
1576.37				
1514.69				
1616.1				
860.52				
1515.66				
978.5				
1604.2				
1247.64				
1558.78				
1791.32				
1255.32				
1530.91				
1151.58				
1515.42				
1419.09				
1713.51				
2119.15				
2200.88				
1448.13				
2114.23				
1711.74				
1269.62				
1854.59				
1427.31				
1566.25				
1953.36				
1750.28				
1667.74				
1541.02				
1560.82				
1090.71				
1276.3				
1255.82				
1551.72				
1501.22				
1462.22				
1474.32				
1548.5				
1659.62				
1380.62				
1262.28				
1507.46				
2051.84				
1770.28				
1527.58				
1992.46				
1323.63				
1737.2				
1112.12				
1485.72				
1714.15				
1737.42				
1743.99				
1413.58				
1759.76				
1373.47				
1885.6				
1586.07				
1500.9				
1488.85				
1422.64				
1692.7				
1557.1				
1483.36				
1982				
1948.74				
1968.14				
1785.55				
1599.87				
1241.41				
1614.19				
1673.61				
1499.9				
1836.46				
1635.66				
1306.4				
1833.83				
1621.2				
1902.97				
1962.38				
1482.96				
951.73				
1468.59				
2130.86				
1874.95				
1622.89				
1613.83				
1620.22				
1448.5				
1587.62				
1710.88				
1552.15				
1932.83				
2428.41				
1511.3				
2112.18				
1908.91				
1347.21				
1769.3				
1161.18				
1521.91				
1568.08				
1807.1				
2188.28				
1429.48				
1719.14				
1923.02				
1381.8				
1237.6				
1619.39				
1433.89				
1527.19				
1867.59				
1739.53				
1832.62				
1650.81				
1827.87				
1279				
1575.29				
1591.29				
1588.72				
1728.87				
1239.21				
1574.76				
1227.34				
1243.31				
1533.2				
1583.98				
1998.05				
1734.6				
2317.5				
1152.14				
1330.83				
1522.57				
1738.03				
1453.36				
1729.7				
1456.02				
1507.81				
1568.84				
1822.69				
1779.09				
1287.36				
1608.01				
1930.02				
2200.95				
1531.88				
1849.31				
1591.44				
1670.2				
1812.94				
2022.89				
1596.79				
2177.46				
1818.56				
2051.15				
1828.78				
1177.72				
1804.32				
1160.9				
1834.5				
1572.37				
1710.91				
1781.28				
1324.15				
1855.29				
1614.75				
1848.51				
1691.53				
1623.26				
1476.81				
1364.4				
1386.5				
1641.64				
1744.83				
1656.51				
2028.08				
1675.58				
1818.55				
1778.7				
1340.04				
1763.84				
1943.75				
2331.93				
1682.17				
1528.51				
1996.18				
1330.92				
1501.68				
1135.21				
2045.53				
2005.58				
1963.79				
1694.78				
1734.02				
1706.33				
1728.31				
1508.42				
1272.84				
1677.57				
1620.48				
1770.7				
1117.77				
1759.83				
1353.32				
1775.22				
1598.38				
1482.38				
1691.53				
1762.65				
1760.94				
1543.29				
1587.98				
1663.06				
1513.85				
1957.59				
1571.46				
1304.42				
1438.88				
1490.88				
1552.4				
1373.14				
1347.07				
1326.35				
1097.45				
1423.5				
1291.23				
1643.1				
1568.96				
1383.34				
2066.96				
1580.95				
1514.92				
1984.5				
1856.66				
1447.58				
1548.06				
1518.87				
1316.67				
1646.91				
1622.39				
1572.53				
2247.62				
1379.93				
1336.05				
1994.51				
2117.99				
1601.99				
1696.47				
1233.42				
1388.7				
1596.9				
1531.89				
1216.78				
1230.22				
1477.39				
1667.34				
1552.55				
1734.82				
1291.49				
1689.67				
1553.28				
1574.29				
1599.97				
1589.94				
2127.53				
1746.26				
996.63				
1363.4				
989.39				
1764.58				
1757.1				
1491.42				
1833.22				
2040.73				
1295.02				
1441.79				
2195.03				
1282.61				
1039.3				
1598.9				
1500.06				
1644.86				
1471.83				
1344.83				
1455.39				
1209.3				
1525.14				
1764.58				
2089.66				
1889.17				
1095.14				
1440.42				
1723.56				
1838.7				
1850.87				
1432.14				
1288.85				
1846.82				
1729.78				
1402.04				
1554.11				
1399.66				
1445.79				
1446.53				
1715.19				
1360.76				
2020.87				
1903.02				
1458.94				
1520.24				
1547.66				
1425.14				
1929.59				
1744.38				
1079.11				
1522.24				
1769.27				
1621.03				
1443.17				
1393.15				
1576.91				
1483.5				
1246.98				
1278.61				
1804.3				
710.14				
1524.03				
1671.29				
1536.53				
1539.89				
1339.25				
1500.54				
1850.22				
1529.72				
1214.91				
1365.9				
1499.77				
2138.26				
2061.65				
1736.1				
609.54				
1344.79				
1447.58				
1612.66				
1605.75				
1044.46				
1790.06				
1468.98				
2091.72				
2029.77				
1760.09				
1809.49				
1682.77				
1538.96				
1753.66				
1801.66				
1475.9				
1232.2				
1483.94				
1619.38				
1588.91				
1701.26				
1909.03				
1643.52				
1114.82				
792.82				
1093.46				
1946.53				
1198.49				
1690.78				
1643.95				
1295.46				
1312.07				
1272				
1520.9				
1616.46				
1500.18				
2076.61				
1868.66				
1402.55				
1723.53				
1696.1				
1838.62				
1301.54				
1206.01				
1951.51				
1479.1				
1034.83				
1488.36				
1387.5				
1480.11				
1953.94				
1107.18				
1381.52				
1493.02				
1723.92				
1624.81				
1949.61				
1449.94				
1766.75				
1450.64				
996.3				
2259.02				
1631.07				
1211.42				
1847.04				
1765.08				
1544.12				
1645.34				
1070.04				
1445.57				
1908.77				
1586.1				
1504.95				
1803.58				
1851.94				
2053.22				
1848.18				
1528.58				
2040.52				
1751.48				
1471.97				
1738.66				
1582.94				
1627.78				
1081.72				
1871.26				
1758.41				
1772.54				
1776.42				
1076.74				
2019.65				
1679.85				
1267.2				
2335.35				
1680.1				
1741.14				
1981.67				
1901.27				
1676.42				
2079.94				
2150.73				
1420.1				
1486.54				
1441.42				
1770.54				
1548.43				
1594.48				
1921.82				
1492.62				
911.85				
1533.22				
1837.02				
1468.97				
1601.42				
1512.99				
1354.54				
1684.82				
1871.19				
1993.64				
1399.58				
1807.95				
1414.18				
1505.02				
2047.88				
1358.79				
1878.89				
1433.5				
1675.14				
1248.87				
1627.36				
1147.97				
1737.08				
1948.33				
1799.18				
1815.58				
1622.97				
1440.9				
1820.31				
1417.96				
1777.56				
1875.62				
1876.06				
2179.27				
1845.02				
1701.98				
1602.92				
1746.06				
1772.24				
1741.54				
1560.02				
1606.39				
1377.68				
1599.07				
1770.46				
1788.17				
1745.46				
1853.1				
1280.68				
1771.14				
1474.5				
1739.86				
1911.1				
1344.64				
1564.61				
2016.71				
1426.13				
2175.87				
1568.71				
1559.77				
1653.12				
2169.39				
1784.18				
1636.57				
1682.14				
931.74				
1817.38				
1488.77				
1414.52				
1328.86				
1643.63				
874.66				
1478.9				
1751.91				
1913.5				
1545.54				
1619.68				
1450.5				
1400.73				
1720.82				
1112.42				
1373.77				
1812.83				
1588.9				
1252.93				
1710.18				
1634.96				
1302.06				
1470.16				
1896.04				
1619.75				
1864.22				
1612.26				
2072.09				
1883.09				
1706.66				
1762.3				
1160.81				
1582.2				
1553.62				
1736.96				
1071.67				
1862.59				
1604.64				
1876.75				
1882.76				
1577.43				
1698.46				
1772.17				
1918.32				
1844.23				
1477.72				
2219.61				
1875.12				
1365.89				
1532.22				
1565.32				
1752.02				
1437.84				
1901.83				
1565.36				
1646.88				
1008				
1141.3				
1707.23				
1436.01				
1452.29				
1109.36				
1746.37				
1440.78				
1459.47				
1378.45				
1250.74				
1977.1				
1097.76				
1310.3				
1990.04				
2052.22				
1167.72				
1982.94				
1631.57				
1385.71				
1802.15				
1234.57				
1553.06				
1617.26				
1399.42				
1614.98				
1930.12				
1277.83				
1676.54				
1632.4				
1750.87				
1924.82				
1823.3				
1581.49				
1326.15				
2020.46				
2206.51				
1406.55				
1316.04				
1861.18				
1374.94				
1460.93				
1475.06				
2167.96				
1630.58				
2266.74				
1936.38				
1729.69				
1384.35				
1921.06				
1875.39				
1668.14				
1950.04				
1667.92				
1621.76				
1276.77				
1661.11				
1464.46				
2130.74				
1357.2				
1529.66				
1852.34				
1967.51				
1935.1				
1702.81				
2138.9				
1598.73				
1501.37				
2013.58				
1830.71				
1465.47				
2266.8				
1481.62				
1413.43				
1666.98				
1512.35				
1946.21				
2113.27				
1224.87				
1500.76				
2218.04				
1919.83				
1620.5				
1839.24				
1752.99				
1741.05				
1370.62				
1778.47				
1310.66				
1756.45				
1883.86				
2267.25				
1771.74				
1845.66				
1318.65				
1198				
1561.69				
1696.5				
1756.73				
2133.79				
1813.13				
1664.02				
1014.96				
1554.54				
1825.58				
1756.38				
1607.02				
2013.6				
1436.34				
1321.94				
1245.68				
1703.26				
2376.64				
1827.9				
1767.06				
1935.24				
1297.5				
1196.01				
1712.01				
1776.1				
1471.87				
1808.38				
1912.27				
1858.82				
1311.02				
1525.8				
2000.5				
1516.62				
1309.78				
1005.91				
1870.86				
1779.95				
1488.58				
1848.42				
2078.8				
1726.88				
1933.23				
2220.32				
1699.87				
1552.47				
1185.67				
1645.95				
1297.89				
2734.59				
1382.34				
1333.25				
1540.92				
1591.36				
1084.46				
1635.93				
1643.95				
1386.07				
867.12				
1531.7				
1815.22				
1753.34				
1416.3				
1540.4				
1544.26				
1836.12				
1240.71				
1286.6				
1515.97				
1366.22				
1598.58				
1733.24				
1638.79				
1868.86				
1848.29				
1310.39				
1364.93				
1618.5				
2143.94				
1864.61				
1626.88				
2028.23				
1918.32				
1440.68				
1475.77				
1320.27				
1757.42				
1550.84				
1813.9				
1483.62				
1632.42				
1572.96				
1484.81				
2047.93				
1417.22				
1894				
1539.3				
1316.5				
1492.63				
1553.65				
968.78				
1838.07				
1613.85				
1433.23				
2027.66				
1485.22				
1959.54				
1702.82				
2093.7				
2107.18				
1593.98				
1758.33				
2183.01				
1610.49				
1604.94				
2183.1				
1420.58				
1889.31				
1401.57				
1688.72				
2399.3				
2445.46				
1248.79				
1764.58				
1265.99				
1600.1				
1714.22				
1660.24				
1310.78				
1795.71				
1241.46				
1657.2				
1624.02				
1464.62				
1472.95				
1474.37				
1962				
1272.43				
1474.16				
1391.66				
1619.71				
1931.9				
1552.92				
1410.87				
1472.85				
1919.85				
1414.04				
1951.95				
1593.24				
1482.74				
1902.34				
1426.98				
1538.1				
1472.81				
1525.97				
1588.11				
1818.5				
1547.62				
1784.05				
1571.2				
1534.11				
1439.78				
1811.38				
1548.78				
1673.91				
1550.52				
1495.11				
2040.93				
1470.23				
2063.99				
1583.46				
1628.54				
2217.34				
1590.42				
1984.65				
2364.02				
1752.26				
1523.05				
1342.06				
1754.62				
1411.34				
1239.85				
1363.22				
1234.27				
1565.23				
1921.06				
1731.47				
1348.75				
1254.08				
1967.5				
1336.13				
1694.47				
1901				
1515.13				
1440.56				
1423.66				
1519.25				
1608.37				
1710.94				
1788.45				
2067.25				
1615.17				
1658.25				
1493.16				
1239.3				
1594.46				
2031.37				
1580.41				
1357.19				
1156.3				
1839.74				
1447.31				
1110.01				
1810.19				
1559.1				
1191.94				
1108.5				
1665.46				
1706.94				
1900.74				
1468.01				
1678.41				
1219.21				
1680.39				
1984.01				
1557.33				
1554.78				
1619.08				
1455.02				
1492.83				
1656.9				
1488.79				
1646.9				
1289.56				
1866.38				
1735.1				
1643.65				
1389.92				
1310.34				
1086.06				
1615.98				
1300.2				
1940.42				
1849.46				
1651.45				
1897.7				
1680.86				
1483.33				
962.72				
1943.15				
1863.02				
1828.34				
2029.72				
2017.73				
1312.73				
1547.4				
1871.88				
1637.19				
1515.25				
1614.7				
1616.07				
1500.92				
2100.98				
1347.6				
1311.35				
1514.46				
1922.72				
1457.88				
1771.58				
1209.1				
1586.92				
1361.2				
1296.99				
1507.77				
1839.34				
1619.85				
1830.27				
1612.95				
1683.72				
1852.9				
1491.68				
1402.32				
1894.62				
1670.01				
1810.14				
1405.84				
1631.66				
1303.7				
1402.92				
1254.98				
1747.57				
2007.12				
883.1				
1812.19				
1668.06				
1443.37				
1735.86				
1820.63				
1314.42				
1542.05				
1431.22				
1833.58				
1260.59				
1841.02				
1542.23				
1744.35				
2046.52				
1816.78				
1547.91				
1970.23				
2254.74				
1302.7				
1277.84				
1128.67				
1903.83				
1062.96				
1799.31				
1728.42				
2063.42				
2017.48				
1875.42				
1811.66				
2037.06				
1735.42				
1338.82				
1469.3				
1349.02				
1489.56				
1628.9				
1752.58				
1539.58				
1354.06				
1789.18				
1844.04				
1679.17				
1492.42				
1387.53				
1784.82				
1583.57				
1261				
1505.01				
1749.57				
1731.52				
1883.28				
1844.74				
1554.97				
1864.7				
1469.5				
1660.53				
1336.66				
1563.51				
1285.06				
1411.92				
1791.78				
1580.37				
1395.84				
1441.51				
1697.87				
1060.57				
1517.87				
1672.06				
1397.47				
2187.76				
1832.88				
1991.5				
2327.46				
1722.13				
1491.47				
1563.44				
1666.04				
1736.11				
1562.78				
1569.93				
1679.31				
1586.38				
1917.88				
1598.94				
1603.77				
1455.42				
1593.11				
1861.82				
1538.98				
1779.05				
1705.65				
1536.97				
1315.07				
1560.17				
1414.46				
1922.46				
1910.03				
1885.68				
1808.94				
1901.08				
1291.06				
1398.93				
1559.02				
1409.94				
1630.37				
1665.79				
1660.61				
1946.5				
1885.81				
1381.29				
1971.28				
1119.36				
1640.02				
1792.99				
1695.01				
1109.27				
1231.37				
1621.46				
1590.86				
1822.27				
1803.42				
1594.59				
1896.28				
1893.26				
1673.26				
876.58				
1337.62				
1546.97				
1864.75				
1506.79				
1263.98				
1992.34				
1621.59				
2039.31				
1758.94				
1799.95				
1873.36				
1834.7				
1719.52				
1813.72				
1283.53				
1847.54				
1968.22				
1222.49				
1920.12				
1571.24				
1950.52				
1358.49				
1656.69				
1166.02				
1697.23				
2008.03				
1782.62				
1630.54				
1370.54				
1902.69				
1532.97				
1298.85				
1048.09				
1417.62				
1378.16				
1409.8				
1289.39				
1364.04				
1298.94				
1955.72				
1593.61				
1758.74				
1770.21				
1372.81				
1753.02				
1812.54				
1458.62				
1905.79				
1895.27				
1876.58				
1513.5				
1344.62				
1940.81				
1442.69				
1504.06				
1520.1				
2102.7				
1887.53				
1812.28				
1955.42				
1508.01				
1483.42				
1001.42				
1348.27				
1183.78				
1461.18				
1323.58				
1736.08				
1741.74				
1428.11				
1853.2				
1729.94				
1621.47				
1420.61				
1375.06				
1456.85				
1719.11				
1427.98				
1312.78				
1540.69				
1018.49				
1989.13				
1445.12				
1378.35				
2045.55				
1146.97				
1339.79				
1761.42				
1863.43				
1355.98				
1610.5				
1408.82				
1668.77				
1529.68				
1931.98				
1508.74				
1653.05				
1585.9				
1532.9				
1986.5				
1567.51				
1702.6				
1816.21				
1984.87				
1787.04				
1727.38				
1747.1				
2009.7				
1980.62				
1145.24				
1423.48				
1593.23				
1691.58				
1691.86				
1496.93				
1590.66				
1562.51				
1418.26				
1785.45				
1658.22				
1278.39				
2090.35				
1648.1				
1805.31				
2039.99				
1381.28				
1392.26				
1354.9				
1456.27				
1300.48				
1728.32				
1975.11				
1548.83				
1914.22				
1272.34				
1521.3				
1717.74				
1167.06				
1779.12				
1606.23				
1483.2				
1433.82				
1712.86				
1762.58				
1117.46				
1539.44				
1934.68				
1337.87				
2122.35				
1347.07				
1294.62				
1704.66				
1500.33				
1726.06				
1909.28				
1791.23				
1829.2				
1882.35				
1158.56				
2073.55				
1410.72				
1634.12				
1938.62				
1917.3				
1390.03				
1541.84				
1526.64				
1594.78				
1329.11				
1622.91				
1667.85				
1979.52				
1549.59				
1467.58				
1642.12				
1892.56				
1571.09				
1672.82				
1465.82				
1563.27				
1792.03				
1534.51				
1677.97				
1119.61				
1457.61				
1706.38				
1311.96				
1566.5				
1871.84				
1386.15				
1979.16				
1694.98				
1871.1				
1859.04				
1943.4				
1839.78				
1798.54				
2023.94				
1557.51				
2067.97				
1766.31				
1443.41				
1164.96				
2036.11				
1690.09				
1752.98				
1160.67				
1548.02				
1885.65				
1392.75				
1841.81				
1752.6				
1355.46				
1562.15				
1452.54				
1525.59				
2023.58				
1231.39				
1722.91				
1728.9				
1526.4				
1639.62				
1659.71				
1668.85				
1527.46				
1601.13				
1649.39				
1537.64				
1941.15				
1987.55				
1716.59				
1348.27				
1847.2				
1354.43				
1310.06				
1579.59				
1839.9				
1420.26				
1657.59				
1947.62				
1723.42				
2185.31				
1611.4				
1885.03				
1703.35				
1513.66				
1500.54				
1619.19				
1151.56				
1546.98				
1689.12				
1410.27				
1418.02				
2161.61				
1576.02				
1534.65				
1967.79				
1802.86				
1996.37				
1956.76				
2039.92				
1697.05				
1734.46				
1143.88				
1554.92				
1615.05				
1624.88				
1726.87				
1548.51				
1617.3				
1688.77				
1803.33				
1627.84				
1642.23				
2028.86				
1898.35				
2216.94				
1558.82				
1549.3				
1386.42				
1540.3				
1888.14				
2344.67				
1672.56				
2022.12				
1574.47				
1651.62				
1388.33				
1659.61				
1593.82				
980.84				
1514.89				
2001.69				
1419.31				
1222.54				
1872.66				
2081.68				
1553.34				
1167.58				
1227.57				
1313.61				
1491.84				
2033.98				
1493.44				
1704.67				
1734.83				
1943.01				
1410.95				
1813.38				
1246.8				
1897.94				
2128.23				
1702.47				
1253.18				
1363.17				
1379.95				
1469.25				
1987.92				
1542.34				
1311.06				
1802.29				
2004.31				
1334.38				
1386.32				
1461.34				
1241.3				
1334.6				
1887.91				
1198.49				
1560.18				
1262.17				
1356.03				
1852.66				
1851.71				
1305.82				
1690.1				
2091.14				
1619.69				
1800.62				
2010.48				
1489.73				
1361.64				
1428.55				
1743.7				
1647.82				
1902.2				
1921.54				
1680.34				
1302.53				
1479.65				
1752.3				
1496.42				
1247.22				
1383.95				
1021.92				
1541.27				
1923.18				
1625.51				
1871.54				
2378.38				
1690.54				
1980.94				
1948.31				
1832.17				
1705.1				
1784.6				
1927.35				
1339.26				
1700.04				
2004.76				
1723.28				
1856.54				
1426.93				
1314.46				
1625.02				
1630.43				
1545.72				
2001.76				
1852.52				
1740				
1844.04				
1496.25				
2140.18				
1951.74				
1633.07				
1442.39				
1617.08				
1914.76				
1955.28				
1673.3				
1662.66				
1689.98				
1040.53				
1874.32				
1704.51				
1758.56				
1292.78				
1898.67				
1785.71				
1747.06				
1276.66				
1048.09				
1418.2				
1549.35				
1469.64				
1802.09				
1486.66				
1880.55				
1109.69				
1622.74				
1168.24				
1523.05				
1915.36				
1266.5				
1688.53				
1555.41				
1840.62				
1671.84				
1806.16				
1265.69				
1367.82				
1230.97				
1654.1				
1662.63				
1908.95				
1618.34				
1929.14				
1846.01				
1903.08				
1463.44				
1732.34				
1984.88				
1452.86				
1655.66				
1227.2				
1214.9				
1974.94				
1482.46				
1630.3				
1428.72				
1942.7				
1255.99				
1491.31				
1256.53				
1710.88				
1801.85				
1554.16				
1589.14				
1337.56				
1730.5				
1781.97				
1297.58				
1410.02				
1752.97				
1094.18				
1699				
1004.64				
1828.47				
1663.97				
1221.65				
1893.9				
1879.84				
1310.06				
1091.14				
1494.62				
1177.94				
1687.2				
1428.85				
948.74				
1794.63				
1760.42				
1933.97				
1687.86				
1743.78				
1610.58				
1416.45				
1400.86				
1358.68				
2025.9				
1503.31				
1731.54				
1744.1				
1672.34				
1540.02				
1834.55				
1592.82				
1809.76				
1750.48				
1681.27				
1928.27				
1652.01				
1749.32				
1801.22				
1725.59				
1605.84				
1307.45				
2357.6				
1668.38				
1515.3				
1962.87				
1784.55				
1299.99				
1562.66				
1449.18				
769.61				
1973.26				
1964.86				
1531.54				
1693.52				
1617.3				
1789.22				
1506.88				
1439.95				
1834.22				
1766.76				
1557.74				
2074.14				
1733.5				
2212.97				
1722.64				
1369.53				
1725.64				
1297.22				
1292.31				
1608.15				
1155.22				
1606.78				
1781.23				
1034.24				
1495.17				
1713.68				
1875.01				
1499.02				
2128.68				
1677.99				
1853.34				
1291.16				
1661.11				
1402.54				
1322.02				
1538.74				
1539.28				
1786.82				
1618.15				
1461.74				
1324.54				
1994.8				
1817.64				
1775.69				
1302.26				
1484.92				
1655.1				
2207.38				
1273.47				
1751.55				
1732.25				
1385.02				
1678.1				
1601.07				
1254.94				
1633.61				
1899.92				
1487.62				
1428.87				
1457.68				
1647.98				
1737.3				
1484.44				
1893.23				
1486.6				
1959.91				
1520.2				
1764.02				
1363.9				
1943.11				
1334.6				
1750.47				
1979.48				
1452.66				
1556.64				
1328.97				
1697.36				
1593.94				
1389.83				
1774.94				
1334.78				
1145.11				
1710.78				
1609.1				
1647.99				
1556.62				
1606.74				
1932.9				
1835.59				
1832.2				
1680.49				
1212				
1394.05				
1619.88				
1868.53				
1928.46				
1895.47				
2084.71				
2212.78				
1853.48				
1940.02				
1046.84				
1843.58				
2009.45				
1515.82				
1587.94				
1760.74				
1101.97				
1343.64				
1140.61				
1583.76				
